motif_family	TF	std_over_alpha_traj	std_over_beta_traj	cc_over_alpha_traj	time_max_cc_over_alpha_traj	cc_over_beta_traj	time_max_cc_over_beta_traj	z_score
Ahr	Ahr	0.00551743776485375	0.00596878350845024	0.954051807888127	-3	0.970431670737702	-8	1.44389290210223
Arid3a	Arid3a	0.0305220553241728	0.00692866158886824	0.80150418684917	0	0.168820815253954	1688	1.75474715112195
Arid5b	Arid5b	0.00870411746466794	0.01082364039578	0.459852842001282	0	0.983243593036369	15	3.09254262172845
Arnt	Arnt	0.00437808576568458	0.00605222249143222	0.358794799026706	-1632	0.254830674772914	-1597	1.71692488866446
Arnt2	Arnt2	0.0176662126665759	0.0165731679076856	0.215454340149057	-1692	0.918061098955458	0	1.43375216033255
Arntl_Tfe3_Mlx_Mitf_Mlxipl_Tfec	Arntl	0.00669667230114973	0.0046051607669139	0.786766181495444	0	0.233723509674166	-1543	1.2196549736171
Arntl_Tfe3_Mlx_Mitf_Mlxipl_Tfec	Tfe3	0.00669667230114973	0.0046051607669139	NaN	NaN	NaN	NaN	1.2196549736171
Arntl_Tfe3_Mlx_Mitf_Mlxipl_Tfec	Mlx	0.00669667230114973	0.0046051607669139	NaN	NaN	NaN	NaN	1.2196549736171
Arntl_Tfe3_Mlx_Mitf_Mlxipl_Tfec	Mitf	0.00669667230114973	0.0046051607669139	0.84099101630906	1	0.216176407278544	-1566	1.2196549736171
Arntl_Tfe3_Mlx_Mitf_Mlxipl_Tfec	Mlxipl	0.00669667230114973	0.0046051607669139	0.243539375231043	-1697	0.974169464091973	0	1.2196549736171
Arntl_Tfe3_Mlx_Mitf_Mlxipl_Tfec	Tfec	0.00669667230114973	0.0046051607669139	NaN	NaN	NaN	NaN	1.2196549736171
Atf1_Creb5	Atf1	0.00607837806291229	0.00945233717597714	0.47267778622095	-1	0.956709641431817	-1	1.24268872496654
Atf1_Creb5	Creb5	0.00607837806291229	0.00945233717597714	0.963377077117546	-1	0.986106166389682	-1	1.24268872496654
Atf3	Atf3	0.00913488759218266	0.0105673867742049	0.254925544709167	1503	0.238417082972591	1522	2.08753641813711
Atf4	Atf4	0.0058928814278757	0.0191085152739341	0.916462896182015	-1	0.404718063829478	-151	1.50581835071801
Atf6	Atf6	0.00340252813203479	0.0144669923298992	0.286019982817342	-1650	0.987395218754417	0	1.02712875106954
Bach2	Bach2	0.00329013017141334	0.0111398530894919	0.233582972857904	-1812	0.974433627893201	0	0.964853037846594
Bbx	Bbx	0.0537582054084476	0.0414727751593767	0.639228944088996	0	0.206280455706628	1511	2.46438925908915
Bptf	Bptf	0.0116679357886703	0.0115393926818225	0.332211018629037	-1554	0.268455290690934	-1550	2.54629451647099
Brca1	Brca1	0.0121661414332816	0.0203070093879297	0.210245371621264	-1522	0.228483461098507	1520	1.21243290783149
Cbfb	Cbfb	0.00581583185205213	0.0129480732347795	0.37408339629229	-118	0.298905015747215	-1649	1.41553644497866
Cdc5l	Cdc5l	0.195266123905232	0.308813140951705	0.0888258771063953	-332	0.953983325753947	-3	1.60214473351095
Cebpa_Cebpg	Cebpa	0.0308759834920094	0.0368566042973225	NaN	NaN	NaN	NaN	2.4685435035232
Cebpa_Cebpg	Cebpg	0.0308759834920094	0.0368566042973225	0.116252101264062	-688	0.913937446201345	-16	2.4685435035232
Clock	Clock	0.0450260939094413	0.0386742639537867	0.952633732361413	0	0.978382199558263	0	1.37994610569308
Creb1	Creb1	0.00351979266810162	0.00470873695508169	0.27905998240061	-1707	0.984977993606446	0	1.83734513478947
Creb3	Creb3	0.0157957122693878	0.0213237499198664	0.96251439576303	0	0.987637201575112	0	1.41959822011127
Creb3l2	Creb3l2	0.0221171390251839	0.00880848056331443	0.228041018733422	-1654	0.831971706265365	-4	1.73707096116569
Crem_Jdp2	Crem	0.00741030653731292	0.00371884301689846	0.303013372762286	-1704	0.142753873072318	1601	1.80834648212817
Crem_Jdp2	Jdp2	0.00741030653731292	0.00371884301689846	NaN	NaN	NaN	NaN	1.80834648212817
Ctcfl_Ctcf	Ctcfl	0.00574072992698245	0.011452771891375	NaN	NaN	NaN	NaN	1.61848929670815
Ctcfl_Ctcf	Ctcf	0.00574072992698245	0.011452771891375	0.267630522288726	-1545	0.236946790480376	1510	1.61848929670815
Cux1	Cux1	0.0117547519997536	0.0230057586514503	0.400301164254373	91	0.940792815833986	1	1.92107730937532
Cxxc1	Cxxc1	0.00476423293746424	0.0198518915901547	0.74366723902331	-1	0.987304848760113	-1	2.17213726631132
Ddit3	Ddit3	0.00589888141014007	0.00596993313321691	0.290121523754138	-1668	0.977225335965367	-1	2.05470222656299
E2f1	E2f1	0.0198615867046619	0.0209209849701651	0.326018629177272	-418	0.567477768189372	-253	1.96481666484376
E2f2_E2f5	E2f2	0.0328652368327664	0.0390195519139946	NaN	NaN	NaN	NaN	1.82229160654091
E2f2_E2f5	E2f5	0.0328652368327664	0.0390195519139946	0.959994409975186	0	0.971105480302694	0	1.82229160654091
E2f3	E2f3	0.00262957801577886	0.00902111807909697	0.15071534414139	-1605	0.968562813826582	-1	1.35737832091541
E2f7	E2f7	0.0300929411620951	0.0306942763972159	0.944931112126887	-1	0.97100922962538	-1	1.63303748489482
E2f8	E2f8	0.0217868037466534	0.0251078435925667	0.205619007749135	-1533	0.198383627205473	-1543	1.9749736847984
Ebf1	Ebf1	0.0038811581466024	0.00112407494447281	0.370268255285599	-559	0.826783497218434	33	1.83841496276914
Egr1	Egr1	0.00549860766594279	0.00487287823929936	0.270842374815129	1589	0.263259550376937	-1535	2.41762733259424
Ehf	Ehf	0.0305779110310138	0.0425370163531801	0.279752971738718	1524	0.249361540195082	1510	4.09722156044433
Elf1_Elf2_Etv2_Elf4	Elf1	0.0031018475084518	0.00324494497457677	0.546013451787358	-1	0.955914414617301	-1	2.01944717823539
Elf1_Elf2_Etv2_Elf4	Elf2	0.0031018475084518	0.00324494497457677	0.889212498827659	-1	0.92536678091055	-1	2.01944717823539
Elf1_Elf2_Etv2_Elf4	Etv2	0.0031018475084518	0.00324494497457677	NaN	NaN	NaN	NaN	2.01944717823539
Elf1_Elf2_Etv2_Elf4	Elf4	0.0031018475084518	0.00324494497457677	0.819940050959878	-1	0.868546100954718	-1	2.01944717823539
Elf5	Elf5	0.00153462750782042	0.00455315606973137	0.674091610841983	141	0.213750004524776	1518	1.81451113204893
Ep300	Ep300	0.0128312660438689	0.00977835017958578	0.215795280193523	1494	0.927351417246779	-1	2.02011207863326
Esrrb_Esrra	Esrrb	0.00573117309338665	0.00607012257012178	NaN	NaN	NaN	NaN	2.50978018753356
Esrrb_Esrra	Esrra	0.00573117309338665	0.00607012257012178	0.921442111168988	-1	0.94121551558874	-1	2.50978018753356
Esrrg	Esrrg	0.00764445613963691	0.00865552514110874	0.0990967838517662	-1653	0.934126556652639	69	1.82502423699763
Ets2	Ets2	0.00536547440284229	0.00352273237692106	0.745224413971665	-2	0.235881799712629	0	2.9418971375538
Etv1_Etv5_Gabpa	Etv1	0.000986446235460575	0.000475818444166272	0.983528180239752	3	0.240323635456583	-1520	1.42370320734805
Etv1_Etv5_Gabpa	Etv5	0.000986446235460575	0.000475818444166272	0.152629332555556	-1651	0.219778020908644	1571	1.42370320734805
Etv1_Etv5_Gabpa	Gabpa	0.000986446235460575	0.000475818444166272	NaN	NaN	NaN	NaN	1.42370320734805
Etv3_Erf_Fev_Elk4_Elk1_Elk3	Etv3	0.00059531560645867	0.000559549327804809	NaN	NaN	NaN	NaN	1.33751194821212
Etv3_Erf_Fev_Elk4_Elk1_Elk3	Erf	0.00059531560645867	0.000559549327804809	NaN	NaN	NaN	NaN	1.33751194821212
Etv3_Erf_Fev_Elk4_Elk1_Elk3	Fev	0.00059531560645867	0.000559549327804809	0.26373036180847	1642	0.163644574294151	1535	1.33751194821212
Etv3_Erf_Fev_Elk4_Elk1_Elk3	Elk4	0.00059531560645867	0.000559549327804809	0.341495047211518	-34	0.78425340685682	-23	1.33751194821212
Etv3_Erf_Fev_Elk4_Elk1_Elk3	Elk1	0.00059531560645867	0.000559549327804809	NaN	NaN	NaN	NaN	1.33751194821212
Etv3_Erf_Fev_Elk4_Elk1_Elk3	Elk3	0.00059531560645867	0.000559549327804809	0.198778083249384	-58	0.817057932515375	-1	1.33751194821212
Etv6	Etv6	0.00061589576851496	0.00544652597229119	0.425622806624864	650	0.2499245663753	1529	1.6324676645795
Ezh2_Atf2_Ikzf1	Ezh2	0.010436900694516	0.0149676902462133	0.258387047447815	-1504	0.245906239327286	-1511	1.61871473132093
Ezh2_Atf2_Ikzf1	Atf2	0.010436900694516	0.0149676902462133	0.812341989454562	0	0.982663286492208	0	1.61871473132093
Ezh2_Atf2_Ikzf1	Ikzf1	0.010436900694516	0.0149676902462133	NaN	NaN	NaN	NaN	1.61871473132093
Fos	Fos	0.0155729891853235	0.0312159532975512	0.944205092867634	2	0.882988704331854	2	1.2324349998567
Fosb	Fosb	0.0224880133759275	0.0528014948768478	0.224777488604274	1224	0.233253140646312	1534	1.96095243190547
Foxa3	Foxa3	0.0271936760282247	0.00863236429764197	0.338651103224213	2	0.938909714364242	-73	1.99815453245116
Foxi1_Foxo1	Foxi1	0.0103253228302034	0.0227777475864521	NaN	NaN	NaN	NaN	1.77102521194945
Foxi1_Foxo1	Foxo1	0.0103253228302034	0.0227777475864521	0.910966559451622	1	0.2573868285444	1505	1.77102521194945
Foxj3	Foxj3	0.0030760990695824	0.00517445325049692	0.794165016435785	50	0.240183194397218	-1604	1.74057751582736
Foxk1_Foxj1	Foxk1	0.0160803271537042	0.010334476708861	0.342177021946093	-1535	0.924406564393944	47	1.85715424137109
Foxk1_Foxj1	Foxj1	0.0160803271537042	0.010334476708861	NaN	NaN	NaN	NaN	1.85715424137109
Foxo3	Foxo3	0.0224854295913786	0.0278338793784075	0.863714189753684	1	0.254020820142215	1473	2.51430240134967
Foxp1_Foxj2	Foxp1	0.0412158883563116	0.0401225992326247	0.33290904810855	-1687	0.242445706014713	1481	1.25712402011922
Foxp1_Foxj2	Foxj2	0.0412158883563116	0.0401225992326247	NaN	NaN	NaN	NaN	1.25712402011922
Foxp2_Foxp3	Foxp2	0.0190045810206819	0.00216007010412249	0.258435305230931	1621	0.210606377033857	1461	1.3947895384481
Foxp2_Foxp3	Foxp3	0.0190045810206819	0.00216007010412249	NaN	NaN	NaN	NaN	1.3947895384481
Fubp1	Fubp1	0.0217634828169672	0.024302433430728	0.292310433079116	-1534	0.244699025186801	-1488	1.83828907980627
Gata6	Gata6	0.0103231455722137	0.0104756330321425	0.2882466006739	1691	0.249687612916267	-110	1.0878842089161
Glis2	Glis2	0.00525634628127932	0.0131588012739902	0.280276631255218	1560	0.985671251028214	-1	1.37405232415121
Glis3	Glis3	0.00845648994566351	0.0104330741651073	0.338394235306504	-1518	0.950717008739706	1	1.44702526309746
Gmeb1	Gmeb1	0.00232636909457379	0.00783580735047681	0.570344248366265	290	0.956926448243642	9	2.07692541123458
Gmeb2	Gmeb2	0.00359873227218106	0.0116534861295187	0.532256208735808	-1	0.116592326709009	-266	1.23560929905659
Gtf2i	Gtf2i	0.00282318850829739	0.00703134041379141	0.848941687014163	-61	0.210098629570157	-1451	2.12729716125461
Hbp1	Hbp1	0.00109644738683602	0.0161776876715173	0.443718502812491	1528	0.830896498646057	-111	2.1063595113239
Hes1	Hes1	0.000965293680482272	0.00097704818206605	0.899243785741233	113	0.905742857037137	94	3.05566324022993
Hey1_Myc_Mxi1	Hey1	0.00940969561359109	0.0260084186912432	NaN	NaN	NaN	NaN	1.34451819380027
Hey1_Myc_Mxi1	Myc	0.00940969561359109	0.0260084186912432	NaN	NaN	NaN	NaN	1.34451819380027
Hey1_Myc_Mxi1	Mxi1	0.00940969561359109	0.0260084186912432	0.447318837811811	-406	0.210802180470005	1541	1.34451819380027
Hif1a	Hif1a	0.0344839676142448	0.0369941871658796	0.647649779660975	-1	0.982604485820847	-1	2.49814648883621
Hivep1	Hivep1	0.013461635247755	0.0121196635720978	0.853021283331713	0	0.876727276599875	0	1.73371705317504
Hmbox1	Hmbox1	0.00489324369074223	0.0140142047362776	0.373030169013364	-218	0.923509434998092	-1	1.75972913658764
Hmga2	Hmga2	0.0139240694029184	0.0161315105150693	0.990406538821862	-1	0.998252200107424	-1	1.57717814255225
Hnf1b	Hnf1b	0.0120857421291366	0.0221764126647454	0.243506139340432	-37	0.995176281227347	-2	1.7420110093245
Hnf4a	Hnf4a	0.0152440618339035	0.0157912099792156	0.737338098136322	0	0.975327647400844	0	1.63005662976832
Homez	Homez	0.0263896728563736	0.0235451650700216	0.30981722076477	-1642	0.246875573809538	-1471	1.53614983210447
Hoxb8_Pdx1	Hoxb8	0.0280884499962762	0.0442125095571234	NaN	NaN	NaN	NaN	2.01650695558486
Hoxb8_Pdx1	Pdx1	0.0280884499962762	0.0442125095571234	0.241687938649857	1439	0.997993265062762	-1	2.01650695558486
Hoxc4_Arx_Otp_Esx1_Phox2b	Hoxc4	0.00358076394264298	0.00751717489119259	NaN	NaN	NaN	NaN	1.98752748959998
Hoxc4_Arx_Otp_Esx1_Phox2b	Arx	0.00358076394264298	0.00751717489119259	0.787157452701044	1	0.250454861456744	-1527	1.98752748959998
Hoxc4_Arx_Otp_Esx1_Phox2b	Otp	0.00358076394264298	0.00751717489119259	NaN	NaN	NaN	NaN	1.98752748959998
Hoxc4_Arx_Otp_Esx1_Phox2b	Esx1	0.00358076394264298	0.00751717489119259	NaN	NaN	NaN	NaN	1.98752748959998
Hoxc4_Arx_Otp_Esx1_Phox2b	Phox2b	0.00358076394264298	0.00751717489119259	NaN	NaN	NaN	NaN	1.98752748959998
Hsf1	Hsf1	0.0196293661508913	0.0391192549951119	0.789295351737062	2	0.678216485082448	-68	1.68932759189601
Hsf2	Hsf2	0.0160002205314078	0.0225569790395574	0.156773354811288	-1622	0.23687511280048	1505	1.32263214906906
Ikzf2	Ikzf2	0.028030922793955	0.0530956995361643	0.77612850788914	-3	0.987256478138099	-1	2.48150646052128
Irf2_Irf1_Irf8_Irf9_Irf7	Irf2	0.0172781909906796	0.0171439882567378	0.914452306930425	0	0.976452271089371	1	1.61307151696459
Irf2_Irf1_Irf8_Irf9_Irf7	Irf1	0.0172781909906796	0.0171439882567378	NaN	NaN	NaN	NaN	1.61307151696459
Irf2_Irf1_Irf8_Irf9_Irf7	Irf8	0.0172781909906796	0.0171439882567378	NaN	NaN	NaN	NaN	1.61307151696459
Irf2_Irf1_Irf8_Irf9_Irf7	Irf9	0.0172781909906796	0.0171439882567378	NaN	NaN	NaN	NaN	1.61307151696459
Irf2_Irf1_Irf8_Irf9_Irf7	Irf7	0.0172781909906796	0.0171439882567378	NaN	NaN	NaN	NaN	1.61307151696459
Irf3	Irf3	0.00849017604055124	0.008557429433644	0.26401386983677	-1	0.149315894392464	-1570	1.48706734182959
Irx2_Irx3	Irx2	0.00721321007920743	0.00144977292752439	0.307392868169445	1577	0.176781911697721	-1386	2.29894023911429
Irx2_Irx3	Irx3	0.00721321007920743	0.00144977292752439	NaN	NaN	NaN	NaN	2.29894023911429
Isl1	Isl1	0.0239484860014537	0.00422233286585241	0.305010709379257	1568	0.256901559316727	-1481	1.43007773224314
Klf12_Klf14_Sp4	Klf12	0.00306627724482401	0.00279704955736908	NaN	NaN	NaN	NaN	1.61467643195014
Klf12_Klf14_Sp4	Klf14	0.00306627724482401	0.00279704955736908	NaN	NaN	NaN	NaN	1.61467643195014
Klf12_Klf14_Sp4	Sp4	0.00306627724482401	0.00279704955736908	0.1690646938687	1610	0.289085040559901	-1502	1.61467643195014
Klf13	Klf13	0.0084580344443853	0.00310467484250855	0.886159027201463	-43	0.28445819313691	-151	1.77116868942874
Klf3	Klf3	0.0264320201108163	0.0296225378237083	0.235939210844221	885	0.227417147851171	-1477	2.07074377946315
Klf4_Sp3	Klf4	0.00177683920424577	0.00185445732652096	NaN	NaN	NaN	NaN	3.06037003457787
Klf4_Sp3	Sp3	0.00177683920424577	0.00185445732652096	0.156535096726874	-1092	0.952722769576291	1	3.06037003457787
Klf6_Patz1	Klf6	0.00109417310626254	0.00270424921236997	0.352543049816613	1652	0.992169468177826	1	1.33264284544308
Klf6_Patz1	Patz1	0.00109417310626254	0.00270424921236997	0.297590731122202	1596	0.924861484824932	-33	1.33264284544308
Klf7	Klf7	0.0249988663434308	0.00173485772039993	0.297619852889976	1573	0.764319994556826	150	2.06312351804631
Lhx5_Lmx1b_Lhx1	Lhx5	0.0147506002530139	0.00825712321719073	NaN	NaN	NaN	NaN	3.17165816626619
Lhx5_Lmx1b_Lhx1	Lmx1b	0.0147506002530139	0.00825712321719073	0.842755999758459	0	0.634358532803797	-6	3.17165816626619
Lhx5_Lmx1b_Lhx1	Lhx1	0.0147506002530139	0.00825712321719073	NaN	NaN	NaN	NaN	3.17165816626619
Max_Mycn	Max	0.0371764119371508	0.0402376904925646	0.759376780937327	-78	0.333270619241887	-131	4.21828106138211
Max_Mycn	Mycn	0.0371764119371508	0.0402376904925646	NaN	NaN	NaN	NaN	4.21828106138211
Maz_Mta3	Maz	0.00120238371952171	0.000750790274934952	NaN	NaN	NaN	NaN	2.10178016166282
Maz_Mta3	Mta3	0.00120238371952171	0.000750790274934952	0.225946709317408	1544	0.240485777419608	1532	2.10178016166282
Mbd2	Mbd2	0.00805450591646014	0.0136374406718352	0.894194871274264	-4	0.250821522013347	-1524	1.66893699719228
Mecom	Mecom	0.0161593170768589	0.00427562160447403	0.801096850669428	0	0.86031289505005	82	1.24011456795693
Mef2d_Mef2a	Mef2d	0.00638490075787608	0.00203176556097186	0.937941036796142	-1	0.219633922216839	1499	1.88281151222778
Mef2d_Mef2a	Mef2a	0.00638490075787608	0.00203176556097186	0.728553443395191	1	0.205205994967438	-1479	1.88281151222778
Meis1	Meis1	0.000830194714436514	0.0106425097548745	0.576725437249974	521	0.240063944085744	1520	1.26604316516402
Meis2	Meis2	0.0134954128174505	0.0123555088991209	0.996402013352578	0	0.998743501200715	0	1.41595266969699
Mga	Mga	0.00686882721380894	0.0170728753128087	0.276835199606085	1547	0.263192400104388	-1528	1.99280200877035
Mnx1_Lhx6_Lmx1a	Mnx1	0.0149356371998137	0.0826421482821328	0.240309492675194	-1673	0.24594812090481	1496	1.55756348476913
Mnx1_Lhx6_Lmx1a	Lhx6	0.0149356371998137	0.0826421482821328	NaN	NaN	NaN	NaN	1.55756348476913
Mnx1_Lhx6_Lmx1a	Lmx1a	0.0149356371998137	0.0826421482821328	NaN	NaN	NaN	NaN	1.55756348476913
Mtf1	Mtf1	0.0391113714316049	0.0415459187834344	0.307298326113355	-1554	0.170805346592554	-1503	1.62060447108886
Myog_Tcf12	Myog	0.0112779254338134	0.0100526091905805	NaN	NaN	NaN	NaN	2.36495776957687
Myog_Tcf12	Tcf12	0.0112779254338134	0.0100526091905805	0.29476889573686	-274	0.260341508997201	-1496	2.36495776957687
Neurod1	Neurod1	0.00315889484254695	0.0192570754225688	0.842331552864111	0	0.981045972443208	0	1.30898622738922
Nfat5	Nfat5	0.0324175154360525	0.04046613306366	0.316585564106406	-1640	0.219802943883636	-1480	1.47087614972002
Nfatc2	Nfatc2	0.0136518239979556	0.0194780907291082	0.270900020629426	-1607	0.250937419101708	-1528	1.33340475954158
Nfatc3	Nfatc3	0.00253233994871678	0.0415744769147535	0.332693108558825	-1529	0.376515941116967	-123	1.15127980197505
Nfe2l2	Nfe2l2	0.0187652663998753	0.0156315127066013	0.954995944929828	0	0.960078517622947	0	1.2470712019125
Nfia	Nfia	0.0276272796236877	0.0194479158833788	0.265246556427215	1547	0.237688578365895	1520	1.16488537947058
Nfic_Nfib	Nfic	0.0150611551158368	0.00227926637231995	0.281665326707319	-1429	0.472909657651377	-107	1.84081776128546
Nfic_Nfib	Nfib	0.0150611551158368	0.00227926637231995	0.992719314173987	0	0.871211390395928	1	1.84081776128546
Nfix	Nfix	0.0169448027852422	0.0228147766439225	0.948375287667035	-3	0.909935695042745	-23	1.41316261990312
Nkx2-2	Nkx2-2	0.00171267466903233	0.00181890854459041	0.719132693733513	115	0.266703967551497	-2	1.89012037923927
Nkx6-1_Evx1_Hesx1	Nkx6-1	0.0048521306152478	0.0140047548185037	0.274831075114868	1445	0.989371865762773	0	1.68049527434075
Nkx6-1_Evx1_Hesx1	Evx1	0.0048521306152478	0.0140047548185037	NaN	NaN	NaN	NaN	1.68049527434075
Nkx6-1_Evx1_Hesx1	Hesx1	0.0048521306152478	0.0140047548185037	NaN	NaN	NaN	NaN	1.68049527434075
Nr1h4	Nr1h4	0.00734583195805083	0.00679952704603053	0.173363545081948	-581	0.225559834979635	1529	1.64676069811944
Nr2c1	Nr2c1	0.0155979815088882	0.0108872228612958	0.335228743986206	-1565	0.606723615619685	2	1.68963610281478
Nr2f1_Nr4a1	Nr2f1	0.00549100042377659	0.00271686339740349	NaN	NaN	NaN	NaN	2.58983618494512
Nr2f1_Nr4a1	Nr4a1	0.00549100042377659	0.00271686339740349	0.961105527789779	2	0.250061883010033	1549	2.58983618494512
Nr2f6	Nr2f6	0.0029996499690671	0.00460838072671101	0.222251444993457	1663	0.264575291696952	1529	1.90001023991127
Nr4a2	Nr4a2	0.0158318857665643	0.00809647675177785	0.277652960967999	-1493	0.910926473028229	1	2.88546380985964
Nr5a2	Nr5a2	0.0031734332971809	0.00721955890684948	0.901411819885719	0	0.255378743941308	1531	1.45554321798504
Nr6a1	Nr6a1	0.00565302305683182	0.0135118952186929	0.24170953381272	670	0.981130331866297	-1	2.04872962182449
Nrf1	Nrf1	0.00116880372242103	0.00119109051928112	0.171933139339377	1692	0.170560747726845	1560	1.17885245485962
Onecut1_Cux2	Onecut1	0.00473845963088208	0.0300608164129253	NaN	NaN	NaN	NaN	1.83646379571446
Onecut1_Cux2	Cux2	0.00473845963088208	0.0300608164129253	0.278089267679405	-1592	0.964286351030399	-51	1.83646379571446
Pax4	Pax4	0.0010403374610854	0.0112067630956727	0.363494849132312	-173	0.224381263385415	-1527	1.73935406692113
Pax6	Pax6	0.0036284910053636	0.00355002009038264	0.396521400446954	1657	0.333681779602846	-73	1.92987653742865
Pbx1_Pbx3	Pbx1	0.00805823221287914	0.00613709916391181	0.26036334368625	-1543	0.608728127459698	2	2.32547204914318
Pbx1_Pbx3	Pbx3	0.00805823221287914	0.00613709916391181	0.266370223942111	1494	0.236900438313834	1536	2.32547204914318
Pbx2	Pbx2	0.00945918337818865	0.00675965446473125	0.255974263013169	1630	0.164458333601235	-1596	2.20247041317093
Pgr_Nr3c1	Pgr	0.0182073116169067	0.0251558103807227	NaN	NaN	NaN	NaN	1.28070021859341
Pgr_Nr3c1	Nr3c1	0.0182073116169067	0.0251558103807227	0.138919433926895	1628	0.275003018778569	-1567	1.28070021859341
Pknox2_Pknox1	Pknox2	0.0223023417980682	0.0194541447426868	NaN	NaN	NaN	NaN	1.60832296431796
Pknox2_Pknox1	Pknox1	0.0223023417980682	0.0194541447426868	0.395540869310632	2	0.907647895611026	0	1.60832296431796
Plag1	Plag1	0.00361880572462627	0.00951208286899896	0.618550113632181	0	0.894589052223273	-74	1.48129537616067
Pou2f1	Pou2f1	0.0233927897712996	0.0352552774363427	0.240495723445287	-1573	0.129744704415933	1774	2.78627917741044
Pou6f2_Pou4f2	Pou6f2	0.0269016416620681	0.0159049268475408	0.971386337910924	0	0.425526556120298	-161	1.77658689291804
Pou6f2_Pou4f2	Pou4f2	0.0269016416620681	0.0159049268475408	NaN	NaN	NaN	NaN	1.77658689291804
Ppard	Ppard	0.0259093713880952	0.0245989046770458	0.222290149509025	-1613	0.967075479271328	-1	2.40797447023084
Pparg_Rxrg	Pparg	0.0081154687131936	0.00960521395746494	NaN	NaN	NaN	NaN	2.74965228250826
Pparg_Rxrg	Rxrg	0.0081154687131936	0.00960521395746494	0.995163872920211	-1	0.997150213651857	-1	2.74965228250826
Prox1	Prox1	0.0141115162138881	0.00395575794455262	0.960681496241179	0	0.23152885175016	-1597	2.00632591206472
Rad21_Smc3	Rad21	0.00578875758459665	0.0059211515137825	0.343724873457398	111	0.89458465760833	27	1.26076219982723
Rad21_Smc3	Smc3	0.00578875758459665	0.0059211515137825	0.623421866383009	-1	0.98326241893192	-1	1.26076219982723
Rara	Rara	0.0103317015381006	0.0126034596783492	0.201642813159206	848	0.205346030490671	-1524	3.07548892768347
Rbpj	Rbpj	0.00610287086494719	0.00153804085585235	0.86633838872795	-67	0.205871740046066	-1288	1.72833363850235
Rela_Rel_Nfkb1	Rela	0.00120605315524522	0.00204161493317791	0.291157269098305	1767	0.933268904330067	0	1.1978026685318
Rela_Rel_Nfkb1	Rel	0.00120605315524522	0.00204161493317791	NaN	NaN	NaN	NaN	1.1978026685318
Rela_Rel_Nfkb1	Nfkb1	0.00120605315524522	0.00204161493317791	0.130363994337248	1822	0.107145990076567	-1329	1.1978026685318
Relb	Relb	0.0176912103480356	0.0137787022186605	0.195967420987982	-1666	0.107506734330037	1512	1.59201728173083
Rest	Rest	0.0483202629962775	0.0558699885601972	0.256512928581957	1485	0.241526948432352	1494	2.17666128356356
Rfx2_Rfx7	Rfx2	0.0100324362693463	0.00896981596366138	0.873642136149728	0	0.822644676309044	1	1.54309694587938
Rfx2_Rfx7	Rfx7	0.0100324362693463	0.00896981596366138	0.0606086636867354	-434	0.227755533624179	1514	1.54309694587938
Rfx3_Rfx1_Rfx4	Rfx3	0.01906955874625	0.0176143049447238	0.0936616798667628	-1001	0.963193097243239	0	1.90609164078112
Rfx3_Rfx1_Rfx4	Rfx1	0.01906955874625	0.0176143049447238	NaN	NaN	NaN	NaN	1.90609164078112
Rfx3_Rfx1_Rfx4	Rfx4	0.01906955874625	0.0176143049447238	NaN	NaN	NaN	NaN	1.90609164078112
Rora	Rora	0.00234282920097599	0.00836873427420438	0.261000066544227	1660	0.266428691805973	1512	3.10083699714454
Rorc_Nr1d1	Rorc	0.0149747479673005	0.0159864026306367	0.222219209389742	-243	0.640760398744902	-147	1.36903691006424
Rorc_Nr1d1	Nr1d1	0.0149747479673005	0.0159864026306367	NaN	NaN	NaN	NaN	1.36903691006424
Rreb1	Rreb1	0.00905210177474732	0.0111615202348659	0.311332515974001	-1621	0.259047788829895	-1549	2.18532310024154
Runx2_Bcl11a	Runx2	0.00365443655794211	0.00396041180453541	NaN	NaN	NaN	NaN	4.72488697619732
Runx2_Bcl11a	Bcl11a	0.00365443655794211	0.00396041180453541	0.888170872972971	0	0.974427235092192	0	4.72488697619732
Rxrb	Rxrb	0.0115095685561812	0.0127947548986985	0.617758000272738	-1	0.276669426218087	-1496	1.64297274361316
Sin3a	Sin3a	0.00128282521697318	0.000125529416715837	0.512665148169655	4	0.413687502925056	-98	3.2365732816448
Smad1	Smad1	0.00351319845745194	0.00556867942021254	0.280456150910246	-1621	0.87227428999319	-74	2.57245507895847
Smad2	Smad2	0.00837000296733184	0.0114294921772831	0.276921043334339	-1610	0.234463696416342	-1503	1.85754740387351
Smad3	Smad3	0.0202130882645473	0.0178715961924151	0.90375921909047	2	0.92428241913607	2	1.66966524050114
Smad4	Smad4	0.00768129250480919	0.00158597840210771	0.473011678551427	-1	0.0817852371911023	-1396	1.93026862910899
Smarcc1_Fosl1	Smarcc1	0.00129232093070518	0.00562535876734849	0.227475208139613	105	0.987245248201293	-1	1.75175642779617
Smarcc1_Fosl1	Fosl1	0.00129232093070518	0.00562535876734849	NaN	NaN	NaN	NaN	1.75175642779617
Snai1_Zeb1_Snai2	Snai1	0.00199139486164713	0.000465090908074771	NaN	NaN	NaN	NaN	1.98036494750886
Snai1_Zeb1_Snai2	Zeb1	0.00199139486164713	0.000465090908074771	0.509123552234569	1	0.113121743125683	-1283	1.98036494750886
Snai1_Zeb1_Snai2	Snai2	0.00199139486164713	0.000465090908074771	NaN	NaN	NaN	NaN	1.98036494750886
Sox13	Sox13	0.0663408441111283	0.0745743536808767	0.254265645489478	-1653	0.880791316506971	-32	1.37449416205862
Sox5_Sry	Sox5	0.0175258802167049	0.00344959879861012	0.231873721756113	1535	0.208013170431031	-1624	1.46895225974181
Sox5_Sry	Sry	0.0175258802167049	0.00344959879861012	NaN	NaN	NaN	NaN	1.46895225974181
Sox6_Sox9	Sox6	0.00788706538207593	0.0118847675269918	0.959439237559943	-1	0.986534194469626	-1	1.85987575303609
Sox6_Sox9	Sox9	0.00788706538207593	0.0118847675269918	0.991462227773582	0	0.993680040921094	0	1.85987575303609
Sp1	Sp1	0.000969914341952728	0.00180164947373772	0.663411642490944	-94	0.189110035651629	1533	1.72992324252883
Sp2	Sp2	0.0020323634500309	0.00250504595980065	0.133286965103578	860	0.277554353159575	1474	1.51914347263056
Stat1	Stat1	0.00546781955256717	0.0114399633749646	0.565729586940829	0	0.933221588605673	0	1.48735242032536
Stat4_Stat3_Stat5b	Stat4	0.00601364695580079	0.00641967686821802	NaN	NaN	NaN	NaN	1.59661220215416
Stat4_Stat3_Stat5b	Stat3	0.00601364695580079	0.00641967686821802	0.862000645752268	0	0.270281476227536	1481	1.59661220215416
Stat4_Stat3_Stat5b	Stat5b	0.00601364695580079	0.00641967686821802	0.616689356028525	-44	0.0853676270864699	-1493	1.59661220215416
Taf1	Taf1	0.000365964545967486	0.00601201685598387	0.524562992952829	100	0.971108030258687	-1	1.20205864401929
Tcf3	Tcf3	0.00505414041796387	0.00848267786386469	0.928530568999208	-1	0.256284845170526	-1509	1.3182624382388
Tcf4_Mesp1	Tcf4	0.00327911824683629	0.00068374929067077	0.177384691588638	-1	0.756003619902829	62	2.18233237080161
Tcf4_Mesp1	Mesp1	0.00327911824683629	0.00068374929067077	NaN	NaN	NaN	NaN	2.18233237080161
Tcf7_Tcf7l2	Tcf7	0.0356682753594874	0.00319875070287802	NaN	NaN	NaN	NaN	2.05032223691811
Tcf7_Tcf7l2	Tcf7l2	0.0356682753594874	0.00319875070287802	0.303628945846221	1569	0.974593317323604	0	2.05032223691811
Tcf7l1	Tcf7l1	0.0104210214415396	0.0332930836563409	0.910267364455149	20	0.23499789871757	1525	2.19406819109363
Tead1	Tead1	0.00970591937837215	0.0140673009050897	0.265089315771118	-1503	0.961969167520302	-1	1.61307546249863
Tfcp2	Tfcp2	0.0471922447838168	0.0566412492628435	0.171534684656293	-964	0.798499030339489	-1	1.37472811053443
Tfcp2l1	Tfcp2l1	0.0083431646050173	0.00975813169913628	0.555381252379474	0	0.82669078253176	0	2.0215965750157
Tfdp1_Wt1_Egr2_Chd1_Pml	Tfdp1	0.00284319647954851	0.00190444269755099	NaN	NaN	NaN	NaN	1.90470747199554
Tfdp1_Wt1_Egr2_Chd1_Pml	Wt1	0.00284319647954851	0.00190444269755099	NaN	NaN	NaN	NaN	1.90470747199554
Tfdp1_Wt1_Egr2_Chd1_Pml	Egr2	0.00284319647954851	0.00190444269755099	NaN	NaN	NaN	NaN	1.90470747199554
Tfdp1_Wt1_Egr2_Chd1_Pml	Chd1	0.00284319647954851	0.00190444269755099	0.268259351468748	1584	0.210842170499416	1508	1.90470747199554
Tfdp1_Wt1_Egr2_Chd1_Pml	Pml	0.00284319647954851	0.00190444269755099	0.413164009340203	-146	0.220208179032216	1532	1.90470747199554
Tfeb_Usf1_Srebf1_Usf2_Bhlhe41_Srebf2	Tfeb	0.000621445798011853	0.00583625772450696	0.365085479081038	1652	0.276155785078806	-1523	1.08880056060617
Tfeb_Usf1_Srebf1_Usf2_Bhlhe41_Srebf2	Usf1	0.000621445798011853	0.00583625772450696	NaN	NaN	NaN	NaN	1.08880056060617
Tfeb_Usf1_Srebf1_Usf2_Bhlhe41_Srebf2	Srebf1	0.000621445798011853	0.00583625772450696	NaN	NaN	NaN	NaN	1.08880056060617
Tfeb_Usf1_Srebf1_Usf2_Bhlhe41_Srebf2	Usf2	0.000621445798011853	0.00583625772450696	0.309535766187989	1635	0.252811667561906	-729	1.08880056060617
Tfeb_Usf1_Srebf1_Usf2_Bhlhe41_Srebf2	Bhlhe41	0.000621445798011853	0.00583625772450696	NaN	NaN	NaN	NaN	1.08880056060617
Tfeb_Usf1_Srebf1_Usf2_Bhlhe41_Srebf2	Srebf2	0.000621445798011853	0.00583625772450696	0.219047781822819	1546	0.873753751810712	-57	1.08880056060617
Tgif1_Meis3	Tgif1	0.0145824759269696	0.0197602800383501	NaN	NaN	NaN	NaN	1.63079571884204
Tgif1_Meis3	Meis3	0.0145824759269696	0.0197602800383501	0.965406140597676	0	0.994109752796957	0	1.63079571884204
Tgif2_Tgif2lx1	Tgif2	0.00957280676675214	0.0120805760620831	0.837755671781312	0	0.921281337256203	0	2.19632642661687
Tgif2_Tgif2lx1	Tgif2lx1	0.00957280676675214	0.0120805760620831	NaN	NaN	NaN	NaN	2.19632642661687
Thra	Thra	0.0193109970552941	0.00969066350121538	0.698412010770269	-1	0.971451548194383	-1	1.86381073627826
Trp53	Trp53	0.0144512025300482	0.00970280163774925	0.956434762377214	0	0.980733885998724	9	1.88030323804041
Ubp1	Ubp1	0.0157516816932903	0.00733802672131295	0.238788908217572	1494	0.148007005007996	-344	2.09119349072568
Vdr	Vdr	0.0207516761870033	0.0109222649464783	0.567227848270217	0	0.989576960982051	0	1.64582111684341
Xbp1_Creb3l1	Xbp1	0.0029150077769615	0.034210334429017	0.759928549659202	0	0.991512235199914	0	2.15452627831496
Xbp1_Creb3l1	Creb3l1	0.0029150077769615	0.034210334429017	0.329900259809527	784	0.244187671623263	1523	2.15452627831496
Ybx1_Nfya_Nfyb_Nfyc_Cebpz	Ybx1	0.00382795928586116	0.00161962629308998	0.988681932983402	0	0.993310809211533	1	1.25127468264393
Ybx1_Nfya_Nfyb_Nfyc_Cebpz	Nfya	0.00382795928586116	0.00161962629308998	0.897451101879945	-5	0.675668692796884	-106	1.25127468264393
Ybx1_Nfya_Nfyb_Nfyc_Cebpz	Nfyb	0.00382795928586116	0.00161962629308998	0.275276540677458	-1506	0.942216852581253	0	1.25127468264393
Ybx1_Nfya_Nfyb_Nfyc_Cebpz	Nfyc	0.00382795928586116	0.00161962629308998	0.773213130205234	-1	0.861054893568068	-1	1.25127468264393
Ybx1_Nfya_Nfyb_Nfyc_Cebpz	Cebpz	0.00382795928586116	0.00161962629308998	0.327633576881806	-1591	0.82140952879032	-2	1.25127468264393
Yy1	Yy1	0.00147777779247033	0.00286972332679227	0.216809588004848	-629	0.491041151855614	23	1.32750637373964
Zbtb16	Zbtb16	0.0304026310306887	0.0294289441118208	0.459126864191226	-638	0.873724953903995	-84	1.6014345900544
Zbtb33_Chd2	Zbtb33	0.0145232087344386	0.0171836354739379	NaN	NaN	NaN	NaN	1.4097605102813
Zbtb33_Chd2	Chd2	0.0145232087344386	0.0171836354739379	0.227123514382135	-1740	0.982962395614498	0	1.4097605102813
Zbtb7c	Zbtb7c	0.00537590821277216	0.0199229220100243	0.244556900813149	-1616	0.304693759322011	87	1.26466641705901
Zfhx3	Zfhx3	0.00752377140014715	0.0223374226729467	0.791016563617139	121	0.221759496243338	-1597	1.23319696917559
Zfx_Mecp2	Zfx	0.00193161020076947	0.00373766425427047	0.228067233987286	4	0.261632977473847	-1499	2.21594642513534
Zfx_Mecp2	Mecp2	0.00193161020076947	0.00373766425427047	0.884574195837957	-36	0.892361241032826	-32	2.21594642513534
Zkscan1	Zkscan1	0.0119589483682412	0.00482439334514162	0.910594295873205	-5	0.634600867398273	2	2.03389884686138
Zkscan3	Zkscan3	0.0165735335419347	0.00820508128973448	0.334627944443986	-1621	0.31488965561266	-1548	2.65906388241141
