motif_family	TF	std_over_alpha_traj	std_over_beta_traj	std_over_ec_traj	cc_over_alpha_traj	time_max_cc_over_alpha_traj	cc_over_beta_traj	time_max_cc_over_beta_traj	cc_over_ec_traj	time_max_cc_over_ec_traj	z_score
AHR_ARNT2	AHR	0.00434893183863711	0.00365332709197842	0.00110785140326448	0.112160803998569	284	0.209296791984789	1503	0.20075276882045	1436	2.07398750172531
AHR_ARNT2	ARNT2	0.00434893183863711	0.00365332709197842	0.00110785140326448	0.768274748727886	0	0.422857116207232	207	0.788294239085737	0	2.07398750172531
ALX1_ARX	ALX1	0.00926790897532635	0.0131784865976188	0.0238225395067771	0.027345486938494	183	0.0592911775672818	-1433	0.137269039958033	-1644	2.41392695909274
ALX1_ARX	ARX	0.00926790897532635	0.0131784865976188	0.0238225395067771	0.655146350742205	-71	0.181084601802813	1452	0.808865834876377	-106	2.41392695909274
ARID5B	ARID5B	0.00892911435829642	0.0246507248714927	0.00780743522943286	0.41471141425327	80	0.240792597447283	-1499	0.402941696655772	-372	2.14014118582373
ARNT	ARNT	0.0213828991695629	0.00936752809913136	0.00911091215446494	0.159609253486478	253	0.269207798619328	-1390	0.807838983559914	-77	2.13941283094366
AR_NR3C2	AR	0.0176675129589267	0.00643644980989846	0.0126396350253128	0.135318173380246	140	0.229131541550243	-1363	0.101853003235401	-1652	1.83374241617244
AR_NR3C2	NR3C2	0.0176675129589267	0.00643644980989846	0.0126396350253128	0.510708228960511	-5	0.520637985676963	42	0.809718020489998	-11	1.83374241617244
ATF2_ATF1_ATF3	ATF2	0.00128439244732977	0.0038453749697785	0.0013610584771563	NaN	NaN	NaN	NaN	NaN	NaN	1.3219427765763
ATF2_ATF1_ATF3	ATF1	0.00128439244732977	0.0038453749697785	0.0013610584771563	0.234026972825125	-143	0.182748450746848	-1302	0.326477324224113	131	1.3219427765763
ATF2_ATF1_ATF3	ATF3	0.00128439244732977	0.0038453749697785	0.0013610584771563	0.333468210051022	112	0.697730828370381	66	0.30069450198085	133	1.3219427765763
ATF5	ATF5	0.0597490663903554	0.101704838743434	0.0265476461690864	0.0945385928539578	-1201	0.213901958188441	-1568	0.862597754413329	1	2.44548949439874
ATF6	ATF6	0.00532331503724327	0.0178134213350755	0.0134946115261105	0.571205641230894	-24	0.806037927306274	-20	0.112720689378168	51	2.01489938385697
ATF7	ATF7	0.0180920893810679	0.018346714604133	0.00955169383703174	0.547541438078666	-1	0.117925488755586	-798	0.723047225044426	39	1.33227577369902
BACH1_NFE2_NFE2L2	BACH1	0.0204044954832663	0.0282196568529957	0.0228414603408647	0.243726754990002	-1408	0.449106283380563	-27	0.747674904952876	-32	2.08758486167768
BACH1_NFE2_NFE2L2	NFE2	0.0204044954832663	0.0282196568529957	0.0228414603408647	NaN	NaN	NaN	NaN	NaN	NaN	2.08758486167768
BACH1_NFE2_NFE2L2	NFE2L2	0.0204044954832663	0.0282196568529957	0.0228414603408647	NaN	NaN	NaN	NaN	NaN	NaN	2.08758486167768
BACH2	BACH2	0.0102686141723877	0.0184117245153114	0.0275419206054614	0.172403322344028	-1220	0.125285509872178	1786	0.969400236951096	-60	2.56542516221928
BATF3	BATF3	0.0173795126335098	0.0571755587564472	0.0705322347158861	0.211792662409134	-194	0.207895969265907	-185	0.388301563148303	-135	2.55293425192911
BHLHE22_BHLHA15_BHLHE23	BHLHE22	0.0330426526370289	0.0461216759958917	0.0105618832962058	0.073298865481792	1484	0.0492590988771957	1424	0.325883632064428	1	1.74176883304515
BHLHE22_BHLHA15_BHLHE23	BHLHA15	0.0330426526370289	0.0461216759958917	0.0105618832962058	NaN	NaN	NaN	NaN	NaN	NaN	1.74176883304515
BHLHE22_BHLHA15_BHLHE23	BHLHE23	0.0330426526370289	0.0461216759958917	0.0105618832962058	NaN	NaN	NaN	NaN	NaN	NaN	1.74176883304515
BHLHE40	BHLHE40	0.0544832140608219	0.0360366651356663	0.0338361684642262	0.836506269139592	0	0.837854236024639	0	0.927121409622233	0	1.78255623617856
BRCA1	BRCA1	0.00423730834477885	0.0111130914904798	0.0185397687033954	0.468925635286853	1	0.439257195401167	1	0.0767007078349602	1553	1.99945683978855
CBFB	CBFB	0.0083532121644277	0.0124319257825071	0.019765627254596	0.522419203930422	-45	0.778121590989704	-37	0.207934586630868	1526	2.19369596841014
CDX1	CDX1	0.0495581104476853	0.0460460856995609	0.026575315708978	NaN	-1999	NaN	-1999	NaN	-1999	2.21653196248316
CDX2	CDX2	0.0336770985340965	0.0416900906728295	0.00794621786598492	0.679790177436995	-71	0.881111658209337	-63	0.387548499108206	118	2.40593922361881
CEBPA	CEBPA	0.00870879902173665	0.0130276347783706	0.0155152322578879	0.278571979747332	251	0.167185522047054	-1713	0.223197003315246	-1486	1.76277033381273
CEBPB	CEBPB	0.0330468006375678	0.0619426698253894	0.0128810426892163	0.118707184298685	1712	0.478312898445472	-140	0.504580538937493	-162	2.75611361018925
CEBPE_CEBPD	CEBPE	0.030691290785194	0.018831105494149	0.0249591163895976	NaN	NaN	NaN	NaN	NaN	NaN	1.27176647886772
CEBPE_CEBPD	CEBPD	0.030691290785194	0.018831105494149	0.0249591163895976	0.151314068534014	1701	0.131896740362731	315	0.138588810163805	-1641	1.27176647886772
CEBPG	CEBPG	0.0231831897367434	0.0151050663776747	0.0185586721835309	0.185587089598879	-291	0.157527405754793	-1771	0.19763984350496	-1450	1.78099685619125
CPEB1	CPEB1	0.00845978347523969	0.0189727066826126	0.0123247977622013	0.173060066145026	-1692	0.240497039242312	-1578	0.232213430331355	-1616	3.08770367435612
CREB1	CREB1	0.0290679280234593	0.0259377971265882	0.0166214368060712	0.501794146494661	-136	0.226585057713577	-1455	0.231867982986841	-1473	3.40775201014655
CREB3L1_CREB3	CREB3L1	0.00833582802402147	0.00547596005855261	0.0145224918559044	0.833454689526137	-102	0.551928470931342	-129	0.480072384695421	-159	1.9652002923392
CREB3L1_CREB3	CREB3	0.00833582802402147	0.00547596005855261	0.0145224918559044	NaN	NaN	NaN	NaN	NaN	NaN	1.9652002923392
CREB5_CREM_JUNB	CREB5	0.0358217906695333	0.0280038515670201	0.0308010875618769	0.880355305616233	0	0.920347719342811	0	0.174518559900536	-1342	3.65078740216479
CREB5_CREM_JUNB	CREM	0.0358217906695333	0.0280038515670201	0.0308010875618769	NaN	NaN	NaN	NaN	NaN	NaN	3.65078740216479
CREB5_CREM_JUNB	JUNB	0.0358217906695333	0.0280038515670201	0.0308010875618769	0.879180212226829	-32	0.0955994975938826	-1252	0.234792914516988	-110	3.65078740216479
CUX1	CUX1	0.0060004230425964	0.0093217101505605	0.00751546980688057	0.445778988499222	80	0.0876329837333225	-1608	0.224432982937093	-1406	1.95994637883061
CUX2	CUX2	0.00843965136411354	0.00225313904788086	0.0050067019733898	0.89012279260108	25	0.818927817407217	166	0.183224061250354	326	1.66530284852791
CXXC1	CXXC1	0.0170272406992474	0.00423390777274975	0.00218919819717088	0.603268969476872	-1	0.224649513565838	-958	0.187353177223593	-1594	2.17435061953119
DBX2_HLX	DBX2	0.0118813795131753	0.0189684380502331	0.0203243391725555	NaN	NaN	NaN	NaN	NaN	NaN	2.043763910681
DBX2_HLX	HLX	0.0118813795131753	0.0189684380502331	0.0203243391725555	0.127875206297578	290	0.0474234392167348	-1632	0.0793144391785446	-1641	2.043763910681
DDIT3	DDIT3	0.0372697683698007	0.0220527673904447	0.0183266679432228	0.213059622117763	-1617	0.435473810916059	-10	0.764460339831529	-5	2.04438965170521
DLX1_HOXA3_BARX2	DLX1	0.0137133805005139	0.00986291729282618	0.0109512183876396	NaN	NaN	NaN	NaN	NaN	NaN	1.39571602706356
DLX1_HOXA3_BARX2	HOXA3	0.0137133805005139	0.00986291729282618	0.0109512183876396	0.187064687312365	1521	0.505845531203178	-1	0.56546679419998	-1	1.39571602706356
DLX1_HOXA3_BARX2	BARX2	0.0137133805005139	0.00986291729282618	0.0109512183876396	NaN	NaN	NaN	NaN	NaN	NaN	1.39571602706356
DLX4_HOXD8	DLX4	0.00814577138176364	0.0183947732258644	0.0130867738223257	0.0239678108559248	-1685	0.0286303680853194	-1494	0.0275312428575053	1626	1.8788536909018
DLX4_HOXD8	HOXD8	0.00814577138176364	0.0183947732258644	0.0130867738223257	NaN	NaN	NaN	NaN	NaN	NaN	1.8788536909018
DLX5	DLX5	0.0785879426252111	0.0401065846693774	0.0257507271621077	0.731584060752463	-79	0.812001605378547	-133	0.460675218274627	-217	2.6795964673527
E2F2_E2F5	E2F2	0.00665697344109144	0.00891604855770717	0.0109274643237522	0.783879354809194	4	0.786667388490473	-16	0.885218779528857	-4	3.46078281916063
E2F2_E2F5	E2F5	0.00665697344109144	0.00891604855770717	0.0109274643237522	0.583150619505305	-124	0.83275637189383	-81	0.661657195135012	-82	3.46078281916063
E2F3	E2F3	0.0044899605712974	0.00482237884226726	0.00423047118397103	0.91157420072695	0	0.771382172390946	1	0.148062337005081	1625	1.35311524187005
E2F6	E2F6	0.00156331483080138	0.00165288452330229	0.00263126425560523	0.337379065884887	265	0.482762664973968	239	0.112446171744159	-1653	1.71281278604255
E2F7_E2F1	E2F7	0.0125845670845382	0.0144094258044453	0.010937226655101	0.839873023030776	-44	0.853386503637828	-134	0.921403363126122	-138	3.24620125664169
E2F7_E2F1	E2F1	0.0125845670845382	0.0144094258044453	0.010937226655101	0.931809629331873	-6	0.171097159041108	-1614	0.953797041775387	-6	3.24620125664169
EBF1	EBF1	0.0075474419966597	0.00253894303449047	0.00414702097955318	0.825100545626841	-142	0.238619768100215	1485	0.637698127782312	-179	1.92183491270805
EBF3	EBF3	0.00589116653489725	0.00458958040727515	0.0027587804680071	0.22605499894256	-178	0.551578408907757	0	0.536279750260469	-191	1.57860643671941
EGR1_EGR4	EGR1	0.00227645906227066	0.0121833102670354	0.00835300237167344	0.180380344710803	1321	0.123770633606082	1530	0.105481780092519	1868	1.87592798430497
EGR1_EGR4	EGR4	0.00227645906227066	0.0121833102670354	0.00835300237167344	0.197842190530914	-1381	0.133246188011109	-1479	0.173850925041966	-1402	1.87592798430497
EGR3_EGR2	EGR3	0.00610008680822593	0.0146535830825699	0.0113701574030853	0.10733930680022	1499	0.532385091675212	0	0.585797049851241	1	1.94136015976529
EGR3_EGR2	EGR2	0.00610008680822593	0.0146535830825699	0.0113701574030853	0.129495865871424	1734	0.628489631525463	3	0.656848435074451	1	1.94136015976529
ELF2_GABPA_ELF5	ELF2	0.00347337502714461	0.00190396100377655	0.000530312756134201	NaN	NaN	NaN	NaN	NaN	NaN	2.29326156904733
ELF2_GABPA_ELF5	GABPA	0.00347337502714461	0.00190396100377655	0.000530312756134201	0.671375438839759	-119	0.761727608581551	-2	0.528541788137875	-110	2.29326156904733
ELF2_GABPA_ELF5	ELF5	0.00347337502714461	0.00190396100377655	0.000530312756134201	NaN	NaN	NaN	NaN	NaN	NaN	2.29326156904733
ELF3_EHF	ELF3	0.00522530526961261	0.00319550451315158	0.00427751713645468	0.839491246224527	27	0.853611195893481	19	0.604994558980662	-1	1.60548581794925
ELF3_EHF	EHF	0.00522530526961261	0.00319550451315158	0.00427751713645468	0.0970894043121309	1479	0.0852665336497353	1515	0.0805699514186007	-1600	1.60548581794925
ELK4_ETV5_ELK1_ELK3_ELF4	ELK4	0.00554858034404339	0.00264277962904831	0.00235054816277181	0.158544974384571	-1222	0.409996696581717	-140	0.171858518863294	-1619	2.9467905919133
ELK4_ETV5_ELK1_ELK3_ELF4	ETV5	0.00554858034404339	0.00264277962904831	0.00235054816277181	0.22158349386863	-1575	0.662717314929876	4	0.417637103255649	89	2.9467905919133
ELK4_ETV5_ELK1_ELK3_ELF4	ELK1	0.00554858034404339	0.00264277962904831	0.00235054816277181	0.095497884348383	-641	0.549028839273488	-5	0.164147088538764	-1336	2.9467905919133
ELK4_ETV5_ELK1_ELK3_ELF4	ELK3	0.00554858034404339	0.00264277962904831	0.00235054816277181	0.266855857184464	141	0.571497167460979	3	0.105181966948317	212	2.9467905919133
ELK4_ETV5_ELK1_ELK3_ELF4	ELF4	0.00554858034404339	0.00264277962904831	0.00235054816277181	0.262244395377028	-1498	0.239086206678199	-1624	0.152647618936203	-1625	2.9467905919133
EMX1	EMX1	0.0104515566766482	0.0392549353760292	0.0177906583205875	0.827621634676529	126	0.213544176439721	-1505	0.219699417228003	-1575	2.17380298380169
EMX2	EMX2	0.0517528898124511	0.0457937476963626	0.0373218301263728	0.589361428842682	-297	0.275960151381995	-163	0.303624348339836	-110	2.65077092191416
EN2_GBX2_LBX2	EN2	0.0834989352706724	0.0172714521249864	0.00614884205359775	NaN	NaN	NaN	NaN	NaN	NaN	1.555944309467
EN2_GBX2_LBX2	GBX2	0.0834989352706724	0.0172714521249864	0.00614884205359775	0.0435724766498046	1432	0.256848065359586	-163	0.0709769817973935	1347	1.555944309467
EN2_GBX2_LBX2	LBX2	0.0834989352706724	0.0172714521249864	0.00614884205359775	0.154386633030101	1546	0.70557358957995	-2	0.126539373403299	1493	1.555944309467
EPAS1_BCL3	EPAS1	0.00337836321557514	0.00620887849264046	0.00374967982443202	0.808090187234823	147	0.93946295477526	66	0.269724983320676	195	1.41510314288323
EPAS1_BCL3	BCL3	0.00337836321557514	0.00620887849264046	0.00374967982443202	0.14109126144969	94	0.734271657789872	57	0.815977772916502	80	1.41510314288323
ESR1	ESR1	0.006062696862415	0.00308878609645447	0.00368940138278647	0.20583218372997	1	0.166776755787516	117	0.185022844572189	-1289	1.37002805708895
ESRRA_ESR2	ESRRA	0.00383209659575759	0.00234641308596771	0.0020420620418928	NaN	NaN	NaN	NaN	NaN	NaN	1.22558129915118
ESRRA_ESR2	ESR2	0.00383209659575759	0.00234641308596771	0.0020420620418928	0.541747288564551	0	0.0153795373188798	1333	0.0295544922280344	1429	1.22558129915118
ESRRB_ESRRG	ESRRB	0.00783070399125427	0.0132765142880827	0.00694947010369018	0.0559078499523908	1581	0.0947923873467856	-1531	0.302994417166748	21	1.91840364008245
ESRRB_ESRRG	ESRRG	0.00783070399125427	0.0132765142880827	0.00694947010369018	0.872248566887037	10	0.903530426254422	1	0.19751022838855	-1539	1.91840364008245
ETS1	ETS1	0.0147539839138557	0.00847899369996536	0.00750198800179012	0.150525447965985	-1654	0.183041550533333	-1511	0.206813862008408	-1552	1.84037732604177
ETV1_ERF_FEV_ELF1	ETV1	0.00450374033678785	0.000669055155031663	0.000450193903166815	0.925728062848672	0	0.171459191044512	-1661	0.427185641970713	5	2.05580711991435
ETV1_ERF_FEV_ELF1	ERF	0.00450374033678785	0.000669055155031663	0.000450193903166815	NaN	NaN	NaN	NaN	NaN	NaN	2.05580711991435
ETV1_ERF_FEV_ELF1	FEV	0.00450374033678785	0.000669055155031663	0.000450193903166815	0.921702967690728	21	0.272679590988839	47	0.0924383076105041	1647	2.05580711991435
ETV1_ERF_FEV_ELF1	ELF1	0.00450374033678785	0.000669055155031663	0.000450193903166815	0.177359409185279	-1447	0.708412980664959	-105	0.425052365511954	-1	2.05580711991435
ETV3	ETV3	0.0172189352492436	0.00543896270793911	0.00615998849958669	0.589931134473656	-1	0.165255574662123	-1732	0.239349766566491	-1558	1.48635362024891
ETV4_ETS2	ETV4	0.00440242553425378	0.00979110565935999	0.00482926170100436	0.328251002262095	-241	0.153379683335843	1585	0.134525334351053	1609	1.43499756432299
ETV4_ETS2	ETS2	0.00440242553425378	0.00979110565935999	0.00482926170100436	0.184625402687387	-1563	0.872957136154467	-2	0.191043345626843	-1431	1.43499756432299
ETV6	ETV6	0.00416162063435841	0.00787321230743837	0.00289710455306519	0.17464778468522	-1209	0.703487517631971	0	0.714232264378031	134	2.08365096952447
EZH2	EZH2	0.016189230399755	0.0105174254806181	0.0115255518105622	0.977143958812946	-1	0.950190915959823	-1	0.967016286660987	-1	1.94878860944795
FOSB	FOSB	0.00413995948467131	0.00713065805773499	0.00327562413127054	0.227212252532988	188	0.241212291617841	163	0.255815194119665	171	2.04017429863823
FOSL1	FOSL1	0.02972561690336	0.0100119427880638	0.00305487314871978	0.207783845076055	-6	0.142605999152445	-1357	0.414958663663338	56	1.74117561950419
FOSL2_SMARCC1	FOSL2	0.00608522224825974	0.0290406864454784	0.0125875847623889	0.842260143435361	-167	0.900553829991961	-98	0.904049632539009	-99	1.79117044819574
FOSL2_SMARCC1	SMARCC1	0.00608522224825974	0.0290406864454784	0.0125875847623889	NaN	NaN	NaN	NaN	NaN	NaN	1.79117044819574
FOXA1	FOXA1	0.0131733163095801	0.0196465198651202	0.00430795122976548	0.195349200375377	-1505	0.900981585295669	-1	0.356641349942708	49	2.32585445435972
FOXA2_FOXJ3	FOXA2	0.0157751379235367	0.0114257562053658	0.00597378840376306	0.236358874272793	-1451	0.211697106900688	273	0.402759057079273	240	2.11786674206097
FOXA2_FOXJ3	FOXJ3	0.0157751379235367	0.0114257562053658	0.00597378840376306	0.173439561805938	-965	0.107268572183766	-1320	0.265160451346235	-1491	2.11786674206097
FOXC1	FOXC1	0.016587038988186	0.00985991582726657	0.00389577324907329	0.619738356365158	-3	0.438599988808246	-207	0.486770378262901	-256	1.5140005510177
FOXD1_FOXO1_FOXO6_FOXG1_FOXP1	FOXD1	0.00451899968524465	0.000952074395762982	0.0011882911174916	0.819864518670065	0	0.508192883002968	-201	0.786216912854675	13	2.31759068045025
FOXD1_FOXO1_FOXO6_FOXG1_FOXP1	FOXO1	0.00451899968524465	0.000952074395762982	0.0011882911174916	0.841605899854671	7	0.174059551225643	-1721	0.816598923030254	10	2.31759068045025
FOXD1_FOXO1_FOXO6_FOXG1_FOXP1	FOXO6	0.00451899968524465	0.000952074395762982	0.0011882911174916	0.172634296340953	1438	0.711532969114472	-176	0.681104184782274	11	2.31759068045025
FOXD1_FOXO1_FOXO6_FOXG1_FOXP1	FOXG1	0.00451899968524465	0.000952074395762982	0.0011882911174916	0.419015667513499	0	0.25156517659626	-121	0.0309022491170155	1336	2.31759068045025
FOXD1_FOXO1_FOXO6_FOXG1_FOXP1	FOXP1	0.00451899968524465	0.000952074395762982	0.0011882911174916	0.787737778325411	12	0.309659973530172	-279	0.774868631997723	241	2.31759068045025
FOXF2_FOXJ1	FOXF2	0.0314478349410056	0.00791543946362714	0.0148670828489342	NaN	NaN	NaN	NaN	NaN	NaN	2.09151403619286
FOXF2_FOXJ1	FOXJ1	0.0314478349410056	0.00791543946362714	0.0148670828489342	0.609413215656952	-195	0.314569349327483	276	0.804708349529909	-199	2.09151403619286
FOXJ2	FOXJ2	0.0299034436270869	0.025105721659383	0.00973309146377972	0.156789668041145	1474	0.831346516837481	-71	0.18976742316703	-1562	1.75733434932361
FOXK1_FOXP2_FOXB1_FOXP3	FOXK1	0.00387668418071625	0.00743040320767125	0.00512258131480293	NaN	NaN	NaN	NaN	NaN	NaN	1.98593606733367
FOXK1_FOXP2_FOXB1_FOXP3	FOXP2	0.00387668418071625	0.00743040320767125	0.00512258131480293	0.638668726508705	10	0.691661353048828	-141	0.815970789811842	-128	1.98593606733367
FOXK1_FOXP2_FOXB1_FOXP3	FOXB1	0.00387668418071625	0.00743040320767125	0.00512258131480293	0.155021185842978	-1438	0.519021592192709	-239	0.385930418426753	-189	1.98593606733367
FOXK1_FOXP2_FOXB1_FOXP3	FOXP3	0.00387668418071625	0.00743040320767125	0.00512258131480293	0.161685113543823	1405	0.718011677900331	-4	0.861032801188159	7	1.98593606733367
FOXM1_TBL1XR1	FOXM1	0.0235744000724226	0.0316761510826125	0.0318217929890523	0.896182030289446	-24	0.855627812034311	-34	0.930505836712725	-25	2.76516123753657
FOXM1_TBL1XR1	TBL1XR1	0.0235744000724226	0.0316761510826125	0.0318217929890523	0.940450631118286	-4	0.218424022761488	-1460	0.144649538019996	-1614	2.76516123753657
FOXO3_FOXD2	FOXO3	0.0285987431185804	0.00819353984977312	0.00562372501109266	0.688577027378126	6	0.658784902796258	10	0.429893894732946	11	2.04908025588377
FOXO3_FOXD2	FOXD2	0.0285987431185804	0.00819353984977312	0.00562372501109266	NaN	NaN	NaN	NaN	NaN	NaN	2.04908025588377
FOXQ1	FOXQ1	0.037120418333242	0.0120654373469211	0.0211920992033413	0.160254207055172	1642	0.123849808338227	-1688	0.155019716605892	1635	2.32114462943176
GATA1_GATA4	GATA1	0.0154290601978445	0.0066405037763037	0.00959475779519087	NaN	NaN	NaN	NaN	NaN	NaN	2.5999799833254
GATA1_GATA4	GATA4	0.0154290601978445	0.0066405037763037	0.00959475779519087	0.842047778753244	79	0.664793490147597	115	0.921473591803691	98	2.5999799833254
GATA2	GATA2	0.0102643838030925	0.0142033775501074	0.0131980899313093	0.090421008959734	1557	0.403983589049786	5	0.206738635706411	-381	2.09663535233283
GATA3	GATA3	0.00278125808522501	0.00215952801630766	0.00358995619889765	0.507597962069611	9	0.312945637386503	-14	0.140565617220979	-1466	1.80879359944522
GATA6	GATA6	0.00818260954163076	0.0117088055608954	0.00671288091143095	0.957644170879108	1	0.963100494301906	0	0.258870896771272	-1319	2.19049334600882
GFI1	GFI1	0.0189853677993325	0.0218979300357171	0.00886052637054499	0.825796753330284	-108	0.821257503549678	-104	0.807953737412607	-144	1.5620268174568
GFI1B	GFI1B	0.0189410036707674	0.00992173033615701	0.0101910673207478	0.0574950642075887	-1606	0.158351430140034	4	0.265637194654366	-4	2.06024703336598
GLI2	GLI2	0.00697479257562776	0.00150489306275385	0.00152229635678894	0.142366658438241	-1552	0.204409925132436	147	0.197877404717522	149	1.43854863761324
GLI3	GLI3	0.000900190848666183	0.00260443110965273	0.00240356405816113	0.173214682658483	1705	0.212997633678168	-1513	0.197632906979855	-1206	1.16165067060139
GLIS1	GLIS1	0.0763385436590806	0.0429163403246374	0.0520641889680264	0.0653955890179106	1589	0.185055487270651	-530	0.13132309291109	-283	1.57528863577107
GLIS2	GLIS2	0.00459644270009936	0.0245100130998295	0.00258392334458008	0.23554428550787	-113	0.195151089559395	-1495	0.109639388797594	1779	1.95528200385211
GLIS3	GLIS3	0.00971238550330652	0.0246814899621156	0.0189523804552644	0.216605612093482	271	0.234746818889614	1485	0.848603843603641	-76	1.74706526573651
GMEB1	GMEB1	0.0193051841515517	0.0158863481136216	0.0218858238442444	0.213555295060742	-1524	0.155988586095948	105	0.46679558061859	5	2.79184892273996
GMEB2	GMEB2	0.0113309814595821	0.0070232726725775	0.00748922286003135	0.200705946956482	-1690	0.194754907724919	-1606	0.440299752753623	-228	2.14358184736936
GRHL1	GRHL1	0.0235493735727799	0.0288363334307043	0.0279597364891624	0.431582405106265	77	0.422407386592525	55	0.693757284778987	20	2.33796029598933
GZF1	GZF1	0.0187100787497758	0.0240642488414391	0.0135555646861455	0.491545687836928	-147	0.134294624276259	1458	0.875318854500212	0	2.00901445102685
HBP1	HBP1	0.0104944181741531	0.0151123105302053	0.00511392142499858	0.722630494417852	4	0.739043866700096	5	0.472442276867417	-152	2.30969440835094
HDX	HDX	0.0062636982904682	0.0111982586642306	0.0149852665732628	0.412190198725549	-231	0.190185480662769	-271	0.636327794727841	-199	1.80112786361546
HES1	HES1	0.00577630297138996	0.0132993078873173	0.00922034509095399	0.555711008873873	83	0.830184791573762	33	0.837766184374478	42	2.07546526417179
HESX1	HESX1	0.0278889550242088	0.00286982772882137	0.00273418515293095	0.132930759277387	-1388	0.151878652636331	1474	0.189408213865078	-1437	1.19920993439396
HIC1	HIC1	0.0036575162414278	0.0100150976233676	0.00580755956697101	0.255329229390875	76	0.159603219870255	-1472	0.175845346772059	-1571	1.57983404046257
HIF1A	HIF1A	0.0162819344632603	0.0129601367465244	0.016968507738518	0.162213811049277	-330	0.899315246863171	64	0.974362132583335	33	2.41390637037444
HINFP	HINFP	0.0287821592527185	0.0215889119950639	0.010007581158969	0.0820980802006181	217	0.84371870213643	-2	0.908894986574727	-2	1.41803334206869
HIVEP1	HIVEP1	0.00474593747076908	0.0053918185499356	0.00784676389435195	0.568272392480395	3	0.161401586268406	-834	0.465224067181123	4	1.56448645915932
HLF_TEF	HLF	0.00974237741145722	0.010511717456121	0.0118186377209329	0.208455205625154	1524	0.1099135387265	1	0.203221562491855	1	1.89330224200276
HLF_TEF	TEF	0.00974237741145722	0.010511717456121	0.0118186377209329	NaN	NaN	NaN	NaN	NaN	NaN	1.89330224200276
HMBOX1	HMBOX1	0.0407953995847437	0.0222584452792832	0.0170086274694192	0.183398979028211	-162	0.161499338583705	-1670	0.622685458068909	-137	2.90782211838992
HMGA1	HMGA1	0.00489510882117615	0.00798717053984372	0.00460312869638637	0.209706000553551	1558	0.223264681954772	1514	0.949816596703358	37	1.19648003115666
HMGA2	HMGA2	0.0266255651449538	0.0217846406068345	0.0531272388989814	0.940860157761991	0	0.890997469073244	0	0.186275185899001	1598	2.06497933561103
HMX1	HMX1	0.0170515017506735	0.0204929636866911	0.0126353263093923	0.230614835328412	-234	0.128351045286564	-199	0.233977046954647	-338	1.19442143963807
HMX2	HMX2	0.0186209678842783	0.0269409492311041	0.0158731986615172	0.0781770703912141	1569	0.110007106032472	1538	0.142402542952288	1505	2.24037313422709
HNF1A_HNF1B	HNF1A	0.0239629356449873	0.0148478742105227	0.0463003697434579	NaN	NaN	NaN	NaN	NaN	NaN	2.05748483087849
HNF1A_HNF1B	HNF1B	0.0239629356449873	0.0148478742105227	0.0463003697434579	0.150132119258606	1721	0.597878650857744	315	0.163463479272992	-1575	2.05748483087849
HNF4G	HNF4G	0.0107328869445932	0.0145001289066678	0.00699613970126083	0.151067048802359	82	0.126977440685792	-1175	0.181840351348307	-1730	2.3638154735179
HOMEZ	HOMEZ	0.00579855094668109	0.00273614662785845	0.00809063949420056	0.138869108750956	-887	0.211696499008181	-203	0.262766650644069	-1460	1.91857511214087
HOXA1	HOXA1	0.0169022806302764	0.0209148307734334	0.0104497455481873	0.188285024650743	-317	0.797657612601313	-177	0.779845723821473	-232	1.50409431384378
HOXA2_HOXB1	HOXA2	0.0220991993938143	0.0275593002032453	0.0456598411212084	0.170649744759277	312	0.422640505094204	251	0.0998180268728845	-1613	2.00480339318562
HOXA2_HOXB1	HOXB1	0.0220991993938143	0.0275593002032453	0.0456598411212084	NaN	NaN	NaN	NaN	NaN	NaN	2.00480339318562
HOXA5	HOXA5	0.13938406369191	0.0991648027318792	0.120624402962275	0.206179921546857	-1566	0.58990447140505	-6	0.204819504504276	-1546	2.25536846755113
HOXB2_UNCX_HOXD3	HOXB2	0.0118659936149869	0.00930110371276473	0.015793521029308	0.589638869681879	-317	0.528915396774727	-267	0.402821334961078	-265	1.54420413367558
HOXB2_UNCX_HOXD3	UNCX	0.0118659936149869	0.00930110371276473	0.015793521029308	NaN	NaN	NaN	NaN	NaN	NaN	1.54420413367558
HOXB2_UNCX_HOXD3	HOXD3	0.0118659936149869	0.00930110371276473	0.015793521029308	NaN	NaN	NaN	NaN	NaN	NaN	1.54420413367558
HOXB3	HOXB3	0.0202843928804251	0.0320526283251163	0.0274333726582101	0.206893345602384	-311	0.685242123532097	2	0.828933906152286	1	2.26809472764429
HOXB4_LHX9	HOXB4	0.066288438736035	0.0453666158229722	0.0274797085142904	0.142410392285412	-1516	0.116281355111567	1454	0.141294142771267	-1521	2.20408679065266
HOXB4_LHX9	LHX9	0.066288438736035	0.0453666158229722	0.0274797085142904	NaN	NaN	NaN	NaN	NaN	NaN	2.20408679065266
HOXB5	HOXB5	0.0375791947595942	0.0331593206798866	0.0365722088876641	0.191823792028587	-1502	0.18328485848147	-1532	0.195401450731555	-1568	1.86170059753125
HOXB6_PRRX2	HOXB6	0.0267156324436416	0.0244503645691924	0.0291614297451226	0.627096493032899	-274	0.461233717170523	-263	0.614880494803217	-311	1.76740562367091
HOXB6_PRRX2	PRRX2	0.0267156324436416	0.0244503645691924	0.0291614297451226	NaN	NaN	NaN	NaN	NaN	NaN	1.76740562367091
HOXB7	HOXB7	0.0176470372078311	0.031279567168236	0.00958517070106678	0.155440672472895	-1439	0.490791687178595	-201	0.500619821049861	-281	2.24265060365496
HOXB8	HOXB8	0.00283901176644959	0.0128575198482208	0.00499392497106377	0.0460890025943703	1465	0.106280260147089	1422	0.693058827400974	-175	1.31611529719067
HOXC13	HOXC13	0.0042321923552203	0.0180517197104755	0.015749290302673	0.172000935233636	-18	0.0592888024652735	1410	0.0920713592209025	-1582	1.20873710664274
HOXC6_HOXA7	HOXC6	0.00826553046575936	0.0530043671636064	0.0321425694807084	NaN	NaN	NaN	NaN	NaN	NaN	2.25847597683459
HOXC6_HOXA7	HOXA7	0.00826553046575936	0.0530043671636064	0.0321425694807084	0.429302877090484	-120	0.598458918618355	-1	0.741385472027587	-7	2.25847597683459
HOXD1	HOXD1	0.0552990019565298	0.0961346555373063	0.0216576565773172	0.293654071051063	-257	0.395262394157826	-268	0.237417566944124	-303	2.19838394945951
HSF2	HSF2	0.0145169499773886	0.0189441721641281	0.00828796338188313	0.724650805337436	11	0.228330455613319	-1524	0.621365477342716	30	1.87324023351251
HSF4	HSF4	0.0153288195160046	0.00892947447769359	0.0087114642795632	0.114100560717047	-1376	0.153657112408776	-1626	0.778180292518553	16	1.95948211881485
ID4_TCF4_SNAI2	ID4	0.0057099238377349	0.00417490211750952	0.00105947500251165	0.223082912531062	-1404	0.196447104154089	-1445	0.354027551343975	228	2.10967862359221
ID4_TCF4_SNAI2	TCF4	0.0057099238377349	0.00417490211750952	0.00105947500251165	0.230781179586325	-1488	0.16898196055706	-1530	0.107586932883374	-1466	2.10967862359221
ID4_TCF4_SNAI2	SNAI2	0.0057099238377349	0.00417490211750952	0.00105947500251165	0.201399691410149	1546	0.191554017272474	1488	0.197238055553615	-1521	2.10967862359221
IKZF1	IKZF1	0.000835617662689905	0.000375469195240018	0.00164704422547923	0.117448149797011	1390	0.441600825522761	52	0.14244299788946	1440	1.74916330799871
IKZF2	IKZF2	0.0271518768343602	0.0265435073707039	0.0137867778359254	0.212131989976882	-990	0.208012248989521	-231	0.431975892059067	-224	1.5134225374917
INSM1	INSM1	0.00995388127711995	0.00869585841476531	0.00715826465972133	0.180705070901365	-1454	0.146282888499166	1779	0.140776731556142	1624	1.89987770953425
IRF2_STAT2_IRF8_IRF1	IRF2	0.0075559677291689	0.00633239321564686	0.00353895675816784	0.140827256463749	-990	0.226400182946378	-1312	0.516594555337973	-217	2.09062443813229
IRF2_STAT2_IRF8_IRF1	STAT2	0.0075559677291689	0.00633239321564686	0.00353895675816784	0.753956226887533	2	0.660586687715097	2	0.244270817643908	-1577	2.09062443813229
IRF2_STAT2_IRF8_IRF1	IRF8	0.0075559677291689	0.00633239321564686	0.00353895675816784	NaN	NaN	NaN	NaN	NaN	NaN	2.09062443813229
IRF2_STAT2_IRF8_IRF1	IRF1	0.0075559677291689	0.00633239321564686	0.00353895675816784	NaN	NaN	NaN	NaN	NaN	NaN	2.09062443813229
IRF6_IRF4_IRF5	IRF6	0.0138740742489036	0.00842629887195579	0.0127115808644832	0.583647015512319	106	0.139623044434409	-895	0.164752535804797	-1728	1.55346162396161
IRF6_IRF4_IRF5	IRF4	0.0138740742489036	0.00842629887195579	0.0127115808644832	NaN	NaN	NaN	NaN	NaN	NaN	1.55346162396161
IRF6_IRF4_IRF5	IRF5	0.0138740742489036	0.00842629887195579	0.0127115808644832	NaN	NaN	NaN	NaN	NaN	NaN	1.55346162396161
IRF9	IRF9	0.0384168140011119	0.0377897179528195	0.0294970521846082	0.0858635102428318	-1521	0.918215227403574	0	0.939227050395257	0	2.11167427109904
IRX2	IRX2	0.0174390318956643	0.0222876757640613	0.0131118074781184	0.971065250056304	75	0.836386279174673	110	0.775155344395471	124	1.76185970143366
IRX3	IRX3	0.0367964210970453	0.0148155554187701	0.00757010990939288	0.826295277889835	-135	0.936016226552243	-145	0.86808823581851	-184	2.49458677806758
IRX5	IRX5	0.0236772086690976	0.0196536179646478	0.00750039203316449	0.122028616872573	-1470	0.198477769895227	1473	0.158616845956555	1467	1.5072716425195
IRX6_IRX4	IRX6	0.0188781450139653	0.0216897641936089	0.00776482667376037	NaN	NaN	NaN	NaN	NaN	NaN	1.52468342480915
IRX6_IRX4	IRX4	0.0188781450139653	0.0216897641936089	0.00776482667376037	0.075264555702357	1375	0.424006393496556	-139	0.257202104954964	-92	1.52468342480915
ISL1	ISL1	0.0159455170040337	0.0483770118189058	0.0394126573144769	0.826994161820495	0	0.990292772325779	0	0.157929348191188	204	2.54876862324279
ISL2	ISL2	0.118223296865547	0.0101197041227994	0.0121753810459086	0.0869057007981575	1568	0.158572641781741	280	0.679017753266747	50	1.68513334192982
JDP2	JDP2	0.0047119088804419	0.00511995227860375	0.00633498430048929	0.111147912197547	35	0.381974910419945	38	0.39923084951529	35	1.20927213583325
JUN	JUN	0.00810774608810999	0.0277171127106824	0.0114583366804163	0.194296700733564	-1624	0.335697058108978	0	0.20735153317169	1474	2.31359997791992
JUND	JUND	0.0312375205697329	0.00657744544804798	0.0159416424452778	0.18608521011226	1684	0.211958319484335	-1541	0.233049286119996	-1485	1.78169973960788
KLF1	KLF1	0.0187561591068416	0.0161707944563613	0.011876560862495	0.0656395069775962	-1697	0.0822116580821597	-1754	0.159187848355754	275	1.6499639911804
KLF12	KLF12	0.00783950633587187	0.0124298688115558	0.0186982652971844	0.879671025414329	38	0.796050147063732	17	0.516761349867308	-33	2.49416954979418
KLF13	KLF13	0.0223828822538046	0.00413722296154723	0.00642204958554608	0.350757265505164	177	0.576028102312038	-243	0.895849551634692	108	2.00975487106215
KLF14_SP8	KLF14	0.0040616100931156	0.00105204041201374	0.00110689219948169	0.0756345526733546	1661	0.0627676715299622	-389	0.28119762014782	43	1.62753790922708
KLF14_SP8	SP8	0.0040616100931156	0.00105204041201374	0.00110689219948169	0.0740025163911387	1400	0.0895034430867737	1377	0.154039953389744	-314	1.62753790922708
KLF15	KLF15	0.0104089433376692	0.00702818564867329	0.00548126402935406	0.907295833510481	-6	0.924174438838128	-4	0.970331119622904	-4	2.43783583840074
KLF16_SP2	KLF16	0.0115182271137281	0.00559437497853711	0.00474696681859193	NaN	NaN	NaN	NaN	NaN	NaN	2.12461801210293
KLF16_SP2	SP2	0.0115182271137281	0.00559437497853711	0.00474696681859193	0.639217056160527	-142	0.261850290980213	-209	0.214833819096069	-247	2.12461801210293
KLF3	KLF3	0.0179747516153295	0.00497941106518834	0.00534717138272694	0.140140981611647	1732	0.872198957536876	55	0.165992135471248	1586	2.0165158230514
KLF6	KLF6	0.0101888607725393	0.0100714261120642	0.011965639812673	0.175249552997824	-1645	0.126753685007064	-1645	0.155014275041039	1483	2.23198732518265
KLF7	KLF7	0.0156697189203207	0.0172495626405944	0.0047551011194746	0.195022446901865	-57	0.884855949420446	-9	0.183627345083365	347	1.78333236768479
KLF8	KLF8	0.00209075482288776	0.00291354882273402	0.00277442924132871	0.201731689842531	-290	0.190151806687103	-275	0.195447803692475	-1742	1.65945076504797
LHX2	LHX2	0.0192382706215984	0.017944165817717	0.00524684503886738	0.383010968578658	-305	0.43616388185071	-153	0.0530685104479213	-27	2.01653347294871
LHX3	LHX3	0.0294798318430362	0.037918901652117	0.014080822821094	0.31480162059946	-15	0.225157900282834	-1535	0.116031536078593	166	2.02715369706928
LHX6	LHX6	0.022155225820998	0.0118734138240802	0.00572787637349163	0.179338913745976	-134	0.348513780557718	-156	0.560019106952966	-132	1.91875259460443
LMX1B_MNX1_RAX2	LMX1B	0.0226563204108607	0.00642663775506691	0.0237389687610176	0.179938014131913	1617	0.181580533330123	374	0.225100192135236	-1470	2.26330745782281
LMX1B_MNX1_RAX2	MNX1	0.0226563204108607	0.00642663775506691	0.0237389687610176	0.863769963212456	-14	0.175202900451886	342	0.23069761020983	1468	2.26330745782281
LMX1B_MNX1_RAX2	RAX2	0.0226563204108607	0.00642663775506691	0.0237389687610176	NaN	NaN	NaN	NaN	NaN	NaN	2.26330745782281
MAFA	MAFA	0.0132285861355773	0.00988974671852497	0.00614016465743404	0.142130438702769	-1443	0.835289455759629	46	0.177090395566979	-1753	2.02666685354503
MAFB	MAFB	0.0987939294662117	0.103941136754535	0.0214522154895908	0.978596937505434	0	0.9858324139628	0	0.989702422662126	0	2.54504681863544
MAFF_MAFG	MAFF	0.015849244189164	0.00918364857755679	0.0107757424335239	0.889973949439019	0	0.138854991764164	-1358	0.938128870988559	0	2.63671898368618
MAFF_MAFG	MAFG	0.015849244189164	0.00918364857755679	0.0107757424335239	NaN	NaN	NaN	NaN	NaN	NaN	2.63671898368618
MAFK	MAFK	0.0079775144897837	0.00239593729858967	0.00728624622044604	0.552389442479441	-60	0.362497360474766	0	0.125216069487089	-1145	2.93214678985568
MAF_NRL	MAF	0.0567500797379969	0.0377677498025922	0.0183031272769126	0.825882860509435	-15	0.856922739585899	-22	0.116090685241358	-1427	2.48145074158533
MAF_NRL	NRL	0.0567500797379969	0.0377677498025922	0.0183031272769126	0.49120676430439	-60	0.133446091270825	-1619	0.161823972230979	-1539	2.48145074158533
MAX_TFEB	MAX	0.0246544995854456	0.0151330187117795	0.0161568395659884	0.193862676864071	-1288	0.206421620818972	-1579	0.230488958883998	-1569	2.99859572959605
MAX_TFEB	TFEB	0.0246544995854456	0.0151330187117795	0.0161568395659884	NaN	NaN	NaN	NaN	NaN	NaN	2.99859572959605
MAZ_ZNF281_GTF2F1	MAZ	0.00168323318634902	0.00397473576953977	0.00180433402993414	NaN	NaN	NaN	NaN	NaN	NaN	2.18598519036096
MAZ_ZNF281_GTF2F1	ZNF281	0.00168323318634902	0.00397473576953977	0.00180433402993414	0.100840335265092	-1441	0.180425360493979	-1066	0.545229017343463	-173	2.18598519036096
MAZ_ZNF281_GTF2F1	GTF2F1	0.00168323318634902	0.00397473576953977	0.00180433402993414	NaN	NaN	NaN	NaN	NaN	NaN	2.18598519036096
MBD2	MBD2	0.0168484168268095	0.0114256826365842	0.0108387884131643	0.565230329621102	-173	0.225959958621295	-1491	0.165084002109433	-1533	1.27490140175932
MECOM	MECOM	0.00872755158871228	0.00733288640107499	0.00820529159057391	0.223349853099674	1518	0.898105994235603	-1	0.907391055376817	-1	1.50051186869258
MEF2B	MEF2B	0.013300003257297	0.0656676211024208	0.0246877546114481	0.221137474116465	328	0.14542152157389	1599	0.169860540790168	1573	2.81973004547259
MEF2C	MEF2C	0.0367899260629088	0.00512139921530709	0.00494696369854241	0.284729122952763	-102	0.429153110280731	233	0.10858638607144	308	1.84703773483584
MEF2D_MEF2A	MEF2D	0.0229049359969028	0.0337545186752766	0.00704590385492118	0.650926684459938	-176	0.226859023565379	-1238	0.28153645005288	202	2.54035339161877
MEF2D_MEF2A	MEF2A	0.0229049359969028	0.0337545186752766	0.00704590385492118	NaN	NaN	NaN	NaN	NaN	NaN	2.54035339161877
MEIS1	MEIS1	0.00314452193710442	0.0100813718633028	0.00823273060975836	0.440402558671183	0	0.208426836688168	1494	0.214137837892181	-1490	1.67791521558153
MEIS2	MEIS2	0.00258623231698156	0.00263157639522378	0.00186316624296335	0.146177714682453	-847	0.93149440119134	38	0.896068444470703	47	1.93039928257153
MEIS3_TGIF2LX	MEIS3	0.0470066574989687	0.0614515851802128	0.027129419080399	0.196697666235559	-1595	0.228426885617943	-1471	0.139592428331832	-281	1.68781777441239
MEIS3_TGIF2LX	TGIF2LX	0.0470066574989687	0.0614515851802128	0.027129419080399	NaN	NaN	NaN	NaN	NaN	NaN	1.68781777441239
MLX_USF2_USF1_PAX2	MLX	0.0132734133664983	0.0260097299955678	0.0187679704631792	0.164201264373272	-1245	0.660178436687761	-160	0.1432022552249	1635	1.53137895893933
MLX_USF2_USF1_PAX2	USF2	0.0132734133664983	0.0260097299955678	0.0187679704631792	NaN	NaN	NaN	NaN	NaN	NaN	1.53137895893933
MLX_USF2_USF1_PAX2	USF1	0.0132734133664983	0.0260097299955678	0.0187679704631792	NaN	NaN	NaN	NaN	NaN	NaN	1.53137895893933
MLX_USF2_USF1_PAX2	PAX2	0.0132734133664983	0.0260097299955678	0.0187679704631792	NaN	NaN	NaN	NaN	NaN	NaN	1.53137895893933
MNT_HEY1_HEY2	MNT	0.0139996806078224	0.0107460507250017	0.00726756364080893	0.240741482309308	-1470	0.684441530089121	-54	0.713885519570067	-43	2.3393486173646
MNT_HEY1_HEY2	HEY1	0.0139996806078224	0.0107460507250017	0.00726756364080893	0.112497025525966	1835	0.108661581135755	1839	0.0889470415772958	1836	2.3393486173646
MNT_HEY1_HEY2	HEY2	0.0139996806078224	0.0107460507250017	0.00726756364080893	NaN	NaN	NaN	NaN	NaN	NaN	2.3393486173646
MSX2	MSX2	0.0206932932735489	0.0390988690716254	0.0343100152306699	0.37317237806487	-72	0.0335962438374015	-1549	0.497764818864503	-11	1.64143325393861
MXI1_MYC_MYCN	MXI1	0.00608385649556837	0.0060161468044245	0.00541435345648576	0.693475652359591	79	0.0724671977032456	-1621	0.203111982360392	-1542	2.69534232502486
MXI1_MYC_MYCN	MYC	0.00608385649556837	0.0060161468044245	0.00541435345648576	0.955525216318301	6	0.955984272260943	2	0.974166727648898	6	2.69534232502486
MXI1_MYC_MYCN	MYCN	0.00608385649556837	0.0060161468044245	0.00541435345648576	0.876598050320064	-52	0.213118283870682	-1502	0.20754415931501	1522	2.69534232502486
MYB	MYB	0.0033904415355076	0.00155120801869995	0.00117255028760185	0.732670949810123	-15	0.732333238925165	-31	0.141995767578185	1470	1.63320545115029
MYBL2	MYBL2	0.0127793235792336	0.00506371982284379	0.00215166130229986	0.83594121261467	-2	0.877671911059795	3	0.750254359705248	2	2.13296141447892
MYF6	MYF6	0.00338990711054736	0.00423314007999501	0.00153153969699718	0.0744508935085462	-135	0.17756978057705	-188	0.391250367437427	-199	1.720072596304
NANOG	NANOG	0.0242559804278135	0.0188961468465029	0.0225297649719422	0.137285507267086	-1047	0.181625267095985	1452	0.201655890593321	-1434	1.86666023677717
NFAT5	NFAT5	0.0148644065811212	0.00635755767705126	0.0135971279003013	0.164971021072472	-47	0.125440064098047	344	0.622460980596145	-57	1.79909761415203
NFATC1	NFATC1	0.0373725436877977	0.0550595684128207	0.0292240162999607	0.167488151460227	-1511	0.151247145201668	-1446	0.15317522654946	-1447	2.62156395175704
NFATC2_NFATC3	NFATC2	0.0270607665018985	0.0239608571450242	0.0082705903324125	0.125456581620746	-1359	0.597349869772686	-82	0.632846561359945	-269	1.48879771465521
NFATC2_NFATC3	NFATC3	0.0270607665018985	0.0239608571450242	0.0082705903324125	NaN	NaN	NaN	NaN	NaN	NaN	1.48879771465521
NFATC4	NFATC4	0.0355604934229598	0.0409700869780268	0.0280990707211671	0.170664105110199	1523	0.200630210024052	-1457	0.197917038649202	-1341	2.36464073066506
NFIA	NFIA	0.0247197009310708	0.0290064689264145	0.0194127636566264	0.117204427211763	1733	0.12288642857699	1779	0.118467745473528	1759	2.14968018531648
NFIL3	NFIL3	0.00197200053660081	0.00652692942586142	0.00327535383123535	0.241751178203811	-13	0.562984615194258	-1	0.882684726098196	-3	2.45622875779214
NFIX_NFIB	NFIX	0.00489735024863472	0.00201293030986248	0.00100779230870051	0.150008760622012	1630	0.144319791028357	1598	0.554514048196664	172	1.59909518213208
NFIX_NFIB	NFIB	0.00489735024863472	0.00201293030986248	0.00100779230870051	0.157509296151467	1618	0.154117480334798	1545	0.562415475893268	202	1.59909518213208
NFKB1	NFKB1	0.0117438799127391	0.0122863962612656	0.00853520382380771	0.183102157398127	1619	0.948024230761827	0	0.764403745628653	38	1.82034232229499
NHLH1	NHLH1	0.0163390518671658	0.0163194641382215	0.0190031722965411	0.165313145750093	-1612	0.166782540497211	-1626	0.188945143789744	-1525	2.25786061558065
NKX2-1	NKX2-1	0.0269914840590048	0.0438764589926236	0.00977369401520569	0.0816639260012936	1605	0.0990186454911991	1571	0.108687751409982	-1736	1.40161500278021
NKX2-2	NKX2-2	0.0160824784148043	0.0102707614050416	0.0058122409502921	0.274419855889062	225	0.191404754529831	1496	0.194588506728929	1508	1.91327846584103
NKX3-1	NKX3-1	0.0505729490282212	0.0133158753787575	0.0124659546269866	0.159055383020799	-1609	0.190849323380497	1	0.555482939001549	0	1.68612136885831
NKX3-2	NKX3-2	0.0306759271077295	0.0105029251787273	0.0104725463514975	0.274242212711509	-4	0.575110461680328	-379	0.178136681035363	-474	1.51656992357774
NKX6-2	NKX6-2	0.0130234850375597	0.0444140458038041	0.0297020841780368	0.508708018107045	265	0.164558612878868	1580	0.166139995113546	-1509	2.05347157385807
NKX6-3	NKX6-3	0.0462154695794171	0.171936210239979	0.0471239071843735	0.178283620350433	-1561	0.20425918917399	-1476	0.203104299155604	-1489	1.75409538784989
NOTO_VSX2_DLX2_DLX6_NKX6-1	NOTO	0.0141718032226489	0.00599242102934888	0.0125400389622465	NaN	NaN	NaN	NaN	NaN	NaN	2.77754601255034
NOTO_VSX2_DLX2_DLX6_NKX6-1	VSX2	0.0141718032226489	0.00599242102934888	0.0125400389622465	0.0157177536776844	1730	NaN	-1999	0.027619652759432	1436	2.77754601255034
NOTO_VSX2_DLX2_DLX6_NKX6-1	DLX2	0.0141718032226489	0.00599242102934888	0.0125400389622465	0.067994724810891	1508	0.0888189006012053	172	0.148050303599565	-1566	2.77754601255034
NOTO_VSX2_DLX2_DLX6_NKX6-1	DLX6	0.0141718032226489	0.00599242102934888	0.0125400389622465	0.0715546110379431	-1554	0.197232578726013	109	0.152630641713036	-1582	2.77754601255034
NOTO_VSX2_DLX2_DLX6_NKX6-1	NKX6-1	0.0141718032226489	0.00599242102934888	0.0125400389622465	0.153865614783229	1530	0.845979069212083	-79	0.976983705782612	-49	2.77754601255034
NR0B1	NR0B1	0.00306264537195366	0.00842688013858577	0.00558447365130302	0.176864133761847	1703	0.509935365180844	206	0.95062424517187	0	1.70372883804933
NR1D1	NR1D1	0.0230425224196596	0.0383196815810591	0.00631485718270639	0.641918581851334	-30	0.817236927148942	0	0.87631502514759	31	1.73062025515318
NR1H2	NR1H2	0.0152106448111872	0.0164511557969866	0.0236641704263368	0.840090343009529	133	0.119779743497654	-447	0.188780285579854	-1503	2.83386738874738
NR1H4	NR1H4	0.0374273109280507	0.0292481248116323	0.0299552398995701	0.545383906417583	-162	0.59872623826222	-131	0.129604882031336	-1087	3.41860857641363
NR2C1	NR2C1	0.0184202248638952	0.024445303290221	0.0149548159877845	0.11548146475903	-338	0.177208677826228	-1494	0.169955230994362	-1012	1.8233191891297
NR2F1	NR2F1	0.0248001316705957	0.0372410460482584	0.022895485357059	0.213153630331379	-1514	0.901450405190667	-118	0.910343185071306	-153	2.97468166842441
NR2F2	NR2F2	0.00960313721893487	0.0106933441107896	0.00454055503455733	0.17859205084421	-1599	0.199572652537916	-237	0.200136280229813	-1587	2.2461807580494
NR3C1	NR3C1	0.00308111100369548	0.00249098796370257	0.00607677810930456	0.581223432674013	-83	0.137758163906357	-1595	0.23149426397715	-1544	1.94249767439224
NR4A1	NR4A1	0.0055085540353375	0.00529640614982708	0.012134680789723	0.217282876480383	1347	0.556661712532152	281	0.130476209049837	-1362	1.900802976206
NR4A2	NR4A2	0.00146782426969164	0.00166366742864673	0.0020049861865798	0.264814225544811	100	0.270181072275444	81	0.218140197618903	-1431	1.31144471982892
NR4A3	NR4A3	0.011918328041608	0.0104905233103045	0.0114188447456935	0.679068548217797	66	0.68332946477917	53	0.135411310536619	-1593	2.16299874424925
NR5A2	NR5A2	0.00468408683238033	0.00813210667449514	0.00641995748975043	0.175066727741589	1564	0.192031998612211	1637	0.18599060264095	1581	1.35952007383059
NR6A1	NR6A1	0.0111550460583432	0.0115182779695789	0.00874345831565312	0.2113343993683	-1343	0.24140975633604	-1523	0.226354325074104	1472	1.90889341443565
NRF1	NRF1	0.00428224651060723	0.00372220637956608	0.0035053072718778	0.157635329047512	-1529	0.136993080501656	-49	0.831089088697779	-43	3.11849431459295
OLIG1	OLIG1	0.0148082529243057	0.0145328619956826	0.0168237013355031	0.250011396603646	-1182	0.473423037198861	-76	0.914489982622334	0	1.56363074104296
OLIG2_NEUROD1_ATOH1	OLIG2	0.00854487217906724	0.0206181636465955	0.00853764996323337	0.0458175644308236	-1620	0.0488232912867354	1647	0.0819074960269398	-1314	1.5660823452253
OLIG2_NEUROD1_ATOH1	NEUROD1	0.00854487217906724	0.0206181636465955	0.00853764996323337	0.965415693754021	1	0.873253115115503	3	0.975358227921858	1	1.5660823452253
OLIG2_NEUROD1_ATOH1	ATOH1	0.00854487217906724	0.0206181636465955	0.00853764996323337	0.14798891283505	-1620	0.185444835752983	1650	0.177509751615382	1568	1.5660823452253
ONECUT1	ONECUT1	0.00744011467135734	0.017769258100251	0.00697721647947449	0.135248629270715	1750	0.732481355523588	141	0.813303077770837	153	2.27091477028694
ONECUT2_ONECUT3	ONECUT2	0.00881150917963351	0.00366347833272693	0.00135074683791762	0.228760714908323	1558	0.905657340299756	-26	0.380518860153443	-125	1.35491901576288
ONECUT2_ONECUT3	ONECUT3	0.00881150917963351	0.00366347833272693	0.00135074683791762	0.26779799688707	68	0.188513923352255	-1636	0.295112779038179	338	1.35491901576288
OSR1_OSR2	OSR1	0.0175901853369445	0.0221745207191923	0.0218998259565793	0.850074568032026	-125	0.835572505798814	-157	0.222425783344239	-1508	2.21224015771213
OSR1_OSR2	OSR2	0.0175901853369445	0.0221745207191923	0.0218998259565793	0.910893291593968	-98	0.924474490656574	-107	0.939966844514532	-123	2.21224015771213
OTP_PHOX2B_LHX1_LMX1A_LHX5_HOXC4	OTP	0.0147442878082914	0.015286436778958	0.00634100407563407	0.447932534017013	-229	0.825487947300751	-268	0.650449157637352	-289	1.83073412916624
OTP_PHOX2B_LHX1_LMX1A_LHX5_HOXC4	PHOX2B	0.0147442878082914	0.015286436778958	0.00634100407563407	0.657049167769448	-172	0.812006125027029	-178	0.836160247590077	-243	1.83073412916624
OTP_PHOX2B_LHX1_LMX1A_LHX5_HOXC4	LHX1	0.0147442878082914	0.015286436778958	0.00634100407563407	0.230190706113188	-1488	0.21991980079123	-1612	0.198152344382339	-1711	1.83073412916624
OTP_PHOX2B_LHX1_LMX1A_LHX5_HOXC4	LMX1A	0.0147442878082914	0.015286436778958	0.00634100407563407	0.545812199678318	-149	0.182972898925921	1545	0.187539817912854	-1684	1.83073412916624
OTP_PHOX2B_LHX1_LMX1A_LHX5_HOXC4	LHX5	0.0147442878082914	0.015286436778958	0.00634100407563407	NaN	NaN	NaN	NaN	NaN	NaN	1.83073412916624
OTP_PHOX2B_LHX1_LMX1A_LHX5_HOXC4	HOXC4	0.0147442878082914	0.015286436778958	0.00634100407563407	0.804021980216457	1	0.29630112763525	-155	0.697704271677736	-143	1.83073412916624
OTX1	OTX1	0.0426831655023671	0.0302714173760006	0.0144163374269354	0.329031316548823	-78	0.0871320329848606	-508	0.515081510077968	-32	2.57932695888878
OTX2_CRX	OTX2	0.0239101350875924	0.00931487567488968	0.0234370036870859	0.428787875324523	147	0.293465049616499	146	0.458826289123001	142	1.44995574505281
OTX2_CRX	CRX	0.0239101350875924	0.00931487567488968	0.0234370036870859	NaN	NaN	NaN	NaN	NaN	NaN	1.44995574505281
OVOL1	OVOL1	0.0550044659410221	0.0124852749471843	0.029213389809106	0.192050107127297	1523	0.300006222219119	360	0.178501950698094	-1525	1.55133007558297
PATZ1_KLF4	PATZ1	0.00234321486049094	0.00346895663693171	0.00284859657893125	NaN	NaN	NaN	NaN	NaN	NaN	3.76356437247129
PATZ1_KLF4	KLF4	0.00234321486049094	0.00346895663693171	0.00284859657893125	0.103455154764868	-1765	0.184675746444375	-1514	0.195211836223799	-1540	3.76356437247129
PAX1_PAX9	PAX1	0.00425404749801001	0.0255769100679463	0.00488381855544332	NaN	NaN	NaN	NaN	NaN	NaN	1.45807391699619
PAX1_PAX9	PAX9	0.00425404749801001	0.0255769100679463	0.00488381855544332	0.164521607817653	-345	0.494133398881593	0	0.236219730583669	-118	1.45807391699619
PAX3	PAX3	0.0180453533297825	0.0239066415369193	0.0393444532338834	0.153578022311926	-1651	0.116075735646924	-1639	0.156904161572954	-1554	2.79084627053141
PAX4	PAX4	0.0229442035653205	0.028471250661517	0.0120951264742234	0.949942506081747	-39	0.406690561093863	1	0.934781298215919	0	2.16427907820481
PAX5	PAX5	0.00121418157236896	0.00451993677005315	0.00309912570098596	0.300940689273806	21	0.0540931424448224	-1514	0.0983449089473897	-1605	1.90383781732061
PAX6	PAX6	0.0749175619517401	0.0195122988383037	0.00916590579877979	0.958939033349521	0	0.992440913334539	0	0.656562569776558	9	1.83641124450321
PAX8	PAX8	0.00566681556036934	0.00754105475991226	0.0175674244281935	0.127153709025615	1429	0.13989654538341	-1518	0.636637228451075	-19	1.90118018828488
PBX1	PBX1	0.0470288027819892	0.0154221603523297	0.0117739424778294	0.220938887276657	-1380	0.176612259853309	1577	0.220342775877314	-1460	1.75668898076901
PBX3	PBX3	0.00999056304535125	0.00853053678701664	0.00828277924587513	0.18467334276678	-1227	0.106112598501292	-428	0.541073701564299	5	1.65472442298074
PDX1	PDX1	0.0337958350191548	0.0103032853785302	0.0280119276716899	0.923355075718203	51	0.268454848543478	189	0.880538777613356	78	2.45132288049921
PGR	PGR	0.0557734997345135	0.0161587653170008	0.0317461871016925	0.0172601560849356	-615	0.0506639303656226	-1558	NaN	-1999	1.66745345307661
PITX1	PITX1	0.00873874344428924	0.00764595837440683	0.00502690687652955	0.167715530601371	-1616	0.906120709905204	-121	0.941661614313862	-139	2.07679766969139
PKNOX2	PKNOX2	0.00613036359657101	0.00270529148701121	0.00365177591298105	0.178053608079521	1524	0.796902032255685	39	0.175269809235893	1621	1.49065808581363
PLAG1	PLAG1	0.00914618630884715	0.018289257807427	0.00734185049071205	0.867068643116991	7	0.149447906439703	-1338	0.167351479135605	1485	1.66623783176464
PLAGL1	PLAGL1	0.00832103351316901	0.00602069720486274	0.00504257708057731	0.736176043484204	-63	0.190321509383266	-1565	0.769360116830939	-77	2.93845828865065
POU2F1	POU2F1	0.00959412285931253	0.0171644164935614	0.0171068341320815	0.72253293515298	-123	0.127481431889576	-934	0.828485984030992	-132	1.6192000124003
POU2F2_POU3F1	POU2F2	0.00567410821099639	0.00489179211524902	0.00437064089555887	0.158024819228412	-1740	0.230543250902767	11	0.732514821991504	0	2.54381029820901
POU2F2_POU3F1	POU3F1	0.00567410821099639	0.00489179211524902	0.00437064089555887	0.118464873164935	-1730	0.557479549075384	0	0.332812123807654	1	2.54381029820901
POU3F2	POU3F2	0.00413074158404398	0.00279419539280425	0.0010748448358307	0.469858191527468	-1	0.220392546541727	-39	0.15788853288466	49	1.68210448951655
POU3F3_POU3F4	POU3F3	0.0159646530740134	0.0259243432709872	0.00906306125572055	NaN	NaN	NaN	NaN	NaN	NaN	1.33117505044132
POU3F3_POU3F4	POU3F4	0.0159646530740134	0.0259243432709872	0.00906306125572055	0.19134668977144	-1504	0.178315122556134	-1481	0.660652674427638	-63	1.33117505044132
POU4F1_POU4F3	POU4F1	0.0144276721716847	0.0170776323090939	0.0246583060295874	0.15970800165538	-1386	0.288688307124499	-230	0.20160854103951	1434	1.46464313100567
POU4F1_POU4F3	POU4F3	0.0144276721716847	0.0170776323090939	0.0246583060295874	NaN	NaN	NaN	NaN	NaN	NaN	1.46464313100567
POU4F2	POU4F2	0.0313140975393386	0.0230720072406171	0.0332027198301714	0.118008204567249	202	0.107266476295411	-1529	0.155193340217	-1251	1.67652251256536
POU6F2	POU6F2	0.0290646567404108	0.0266190133023507	0.0079939928040784	0.195153423441197	-1305	0.657528183140436	0	0.228084123882393	-62	1.63593311986854
PPARD	PPARD	0.0247165739553317	0.0446325651844088	0.0205909464586113	0.130326494783139	-1553	0.154832532494443	-1656	0.211381810036393	-1592	2.21224005111805
PRDM1	PRDM1	0.0712199051439055	0.0634452917132155	0.0397144563650158	0.502435719760557	-1	0.120583625135123	-620	0.77659532651779	-1	2.04086822982566
PRDM14	PRDM14	0.0320491552801178	0.0486018439779263	0.046227624034065	0.35996730984964	-296	0.294148362471648	-241	0.11879314080335	-538	3.89314122195354
PROX1	PROX1	0.0046335646091904	0.0139924420316282	0.00505030047634115	0.843370507888653	-1	0.696940599828661	66	0.404734119091384	104	1.20152264506123
PRRX1_ALX4_PHOX2A	PRRX1	0.0121677641090863	0.0163197657095449	0.0126003177914605	NaN	NaN	NaN	NaN	NaN	NaN	1.94658541195423
PRRX1_ALX4_PHOX2A	ALX4	0.0121677641090863	0.0163197657095449	0.0126003177914605	NaN	NaN	NaN	NaN	NaN	NaN	1.94658541195423
PRRX1_ALX4_PHOX2A	PHOX2A	0.0121677641090863	0.0163197657095449	0.0126003177914605	0.88009478436569	-186	0.82621920242659	-182	0.170748077767872	-1565	1.94658541195423
PTF1A	PTF1A	0.0248422295363537	0.0142662273443278	0.0141677191073037	0.828487637365921	2	0.185981137483452	1677	0.810197488485471	3	1.61971577768678
RAD21_SMC3	RAD21	0.00751218755769558	0.00283463277364381	0.00464922051051779	0.178873556361082	-1549	0.343191634176007	283	0.210738484210608	-1592	2.83456897076724
RAD21_SMC3	SMC3	0.00751218755769558	0.00283463277364381	0.00464922051051779	0.862748380045355	1	0.589455055254869	108	0.393665980138418	123	2.83456897076724
RARB	RARB	0.0178268135731158	0.0135100247823689	0.0183733299026052	0.831340022064993	-129	0.83086420817278	-147	0.885587218547731	-151	2.31585240520967
RBPJ	RBPJ	0.0380235381446848	0.0362689141892375	0.0268290631886412	0.979179057593313	-1	0.95971478958631	-1	0.958077174901525	-1	2.30968650164551
RCOR1_MTA3	RCOR1	0.00156875613254884	0.000229005570112151	0.000567188034984915	0.505246619144883	-93	0.349505223714831	-117	0.121594121179357	250	1.90674070598642
RCOR1_MTA3	MTA3	0.00156875613254884	0.000229005570112151	0.000567188034984915	0.137109085957092	-1379	0.617847217583587	-137	0.252110609950309	-1422	1.90674070598642
REL	REL	0.0034540945117721	0.00821068145366344	0.00242799952909266	0.343784650685089	118	0.346602386936204	84	0.464609673971931	75	1.54394941084385
RELA	RELA	0.0161612560169809	0.0176136483905614	0.017949237410124	0.325129595431035	-111	0.204884336396721	-1	0.632016865136877	-1	2.71114508005898
REST	REST	0.104791173610007	0.085449380155847	0.0840825667340825	0.156224280760069	-1498	0.159629811366452	1578	0.160350500476108	1596	2.98388710818668
RFX3_RFX2	RFX3	0.00722927054817574	0.00513368152511792	0.00559061792929651	0.377789699377434	54	0.230575597275928	106	0.79910272733075	1	3.98777245927537
RFX3_RFX2	RFX2	0.00722927054817574	0.00513368152511792	0.00559061792929651	0.754259351257692	1	0.723595350753809	-6	0.168220058221062	125	3.98777245927537
RFX5	RFX5	0.00965589950329773	0.0964942196536358	0.0547983234676942	0.711339028303596	45	0.176834155247983	1487	0.118340440086168	-1176	2.24742038934358
RFX7_RFX4_RFX1	RFX7	0.00501958026927928	0.00182790893281731	0.0040755009633965	0.199312543299175	-1365	0.13252375248257	280	0.204654806661234	-1665	2.63824578377582
RFX7_RFX4_RFX1	RFX4	0.00501958026927928	0.00182790893281731	0.0040755009633965	NaN	NaN	NaN	NaN	NaN	NaN	2.63824578377582
RFX7_RFX4_RFX1	RFX1	0.00501958026927928	0.00182790893281731	0.0040755009633965	0.219946079568415	-1583	0.131786897931516	338	0.104940984786456	-61	2.63824578377582
RORA	RORA	0.0151581652952371	0.0168827184759708	0.00543824855779458	0.218726739490776	1467	0.608938273000341	-2	0.372935473335262	87	1.76467732886539
RUNX1_RUNX2	RUNX1	0.00443988265771235	0.0118806433080859	0.00764828171354298	0.758934982368378	-2	0.186164902483799	1483	0.211575795728985	-1506	2.50019846347124
RUNX1_RUNX2	RUNX2	0.00443988265771235	0.0118806433080859	0.00764828171354298	0.053858455069658	123	0.0313315286606575	1438	0.0768107350915622	-1508	2.50019846347124
RUNX3_BCL11A	RUNX3	0.0177770832435677	0.0111494483583423	0.00396784543975687	0.0675945634739582	-1514	0.315742451243327	-14	0.634600885065474	29	1.69704354447995
RUNX3_BCL11A	BCL11A	0.0177770832435677	0.0111494483583423	0.00396784543975687	0.193573385308624	1519	0.204312750334809	-907	0.644827838613674	267	1.69704354447995
RXRA_NR2F6_NR2C2	RXRA	0.0122942909898621	0.015619857201457	0.00438561415034996	0.204174497848011	1474	0.537021478063328	-42	0.181819105560446	-1723	2.29423640447032
RXRA_NR2F6_NR2C2	NR2F6	0.0122942909898621	0.015619857201457	0.00438561415034996	NaN	NaN	NaN	NaN	NaN	NaN	2.29423640447032
RXRA_NR2F6_NR2C2	NR2C2	0.0122942909898621	0.015619857201457	0.00438561415034996	0.142730588553263	-890	0.919361187535173	0	0.789891282807777	-101	2.29423640447032
RXRG	RXRG	0.00489731283304754	0.00204710724941247	0.00660792775754082	0.146618866709393	1362	0.208843404175824	1367	0.144868365580582	-1611	1.40045314274119
SCRT1_SCRT2	SCRT1	0.019984949373456	0.026039971490678	0.0223857604032887	NaN	NaN	NaN	NaN	NaN	NaN	2.02075995448687
SCRT1_SCRT2	SCRT2	0.019984949373456	0.026039971490678	0.0223857604032887	0.319147092633064	-189	0.397467297663602	-221	0.254788153718053	-1389	2.02075995448687
SHOX2_HOXC5	SHOX2	0.0279790069254798	0.00567233096828441	0.00299399610516247	0.289266798592636	-196	0.350070148950641	-200	0.158831367540217	-1402	1.64564751689895
SHOX2_HOXC5	HOXC5	0.0279790069254798	0.00567233096828441	0.00299399610516247	NaN	NaN	NaN	NaN	NaN	NaN	1.64564751689895
SIN3A_CHD1	SIN3A	0.00421112866099252	0.000611352430415552	0.000633673189948504	0.724922865089284	0	0.511568216839069	182	0.129388056036681	296	2.44305319226633
SIN3A_CHD1	CHD1	0.00421112866099252	0.000611352430415552	0.000633673189948504	0.0696288361179633	-829	0.544750342647531	-1	0.124225168071783	-1	2.44305319226633
SIX1_SIX3_SIX2	SIX1	0.0106089483001079	0.00561365351825871	0.0021185847934281	NaN	NaN	NaN	NaN	NaN	NaN	1.57358307945849
SIX1_SIX3_SIX2	SIX3	0.0106089483001079	0.00561365351825871	0.0021185847934281	0.229293174501752	-151	0.219371235612844	8	0.321375223819094	10	1.57358307945849
SIX1_SIX3_SIX2	SIX2	0.0106089483001079	0.00561365351825871	0.0021185847934281	0.630010487347109	-1	0.689439126888168	-1	0.378589102564109	-198	1.57358307945849
SIX4	SIX4	0.0129435804755556	0.020811571650487	0.0135988263654105	0.254946200049311	238	0.676355923627587	181	0.239713320922819	258	2.05358715189878
SIX5_SMARCC2_HCFC1	SIX5	0.00273253736743733	0.000615641758331182	0.00136771984165822	0.191497314846988	-1380	0.0940381412645596	-1882	0.211117876538002	1476	1.7295611057306
SIX5_SMARCC2_HCFC1	SMARCC2	0.00273253736743733	0.000615641758331182	0.00136771984165822	NaN	NaN	NaN	NaN	NaN	NaN	1.7295611057306
SIX5_SMARCC2_HCFC1	HCFC1	0.00273253736743733	0.000615641758331182	0.00136771984165822	0.19286673456572	-1464	0.204869876610973	-63	0.18811380965008	-69	1.7295611057306
SIX6	SIX6	0.0432286911121885	0.00538158429048358	0.0277902061364678	0.0153280012977441	1395	0.305862886210548	80	0.0285028629745239	1445	2.01114241832985
SMAD1	SMAD1	0.00412232687713697	0.00704352779193226	0.00350943730745038	0.718614437832644	4	0.91888730869022	-1	0.728812149612524	7	1.93360037499348
SMAD2	SMAD2	0.0316054168635879	0.0188665060562929	0.0144781726672987	0.206954646394616	-1298	0.221782619225151	-1661	0.151197549943458	-1443	1.77437586662753
SMAD3	SMAD3	0.00937944919503297	0.0201716027575736	0.0185306846307021	0.77015233020597	75	0.848102119103494	45	0.867369406807905	49	2.76869111206951
SOX1	SOX1	0.0189548453495069	0.0191390383812686	0.00950622763454344	0.913298737064638	-171	0.872175124163325	-192	0.842907377403012	-207	2.21793815896872
SOX10_SOX15	SOX10	0.0172711798202752	0.0402881201641598	0.0343050027330455	0.54253452638564	60	0.560500216309121	44	0.185710854878556	1448	2.03273433657395
SOX10_SOX15	SOX15	0.0172711798202752	0.0402881201641598	0.0343050027330455	NaN	NaN	NaN	NaN	NaN	NaN	2.03273433657395
SOX11	SOX11	0.0220538225341044	0.0312336648029039	0.0237157386530459	0.880219203035322	-73	0.810379109807889	0	0.986066672663253	0	2.04395239796365
SOX13_SOX12	SOX13	0.0165293256219482	0.0257008231372852	0.0112899729671566	0.134234988015947	-1603	0.150034050509323	-1445	0.131795776688807	241	1.48154568973161
SOX13_SOX12	SOX12	0.0165293256219482	0.0257008231372852	0.0112899729671566	NaN	NaN	NaN	NaN	NaN	NaN	1.48154568973161
SOX21	SOX21	0.0132611979949206	0.0082084800304679	0.00533630855159142	0.668248370976841	1	0.796839856995195	1	0.777615668240246	1	5.10319305354929
SOX3_SOX2	SOX3	0.00439944044727344	0.00532579169246641	0.0108730927152425	0.549724794081697	215	0.541978637639799	251	0.101358979381992	1613	1.3530549364248
SOX3_SOX2	SOX2	0.00439944044727344	0.00532579169246641	0.0108730927152425	0.927871595660603	27	0.965098971574519	52	0.211738427169605	-1553	1.3530549364248
SOX4	SOX4	0.0299148356147738	0.0431362200693939	0.0313543166488521	0.960661628882728	0	0.917064823898611	0	0.914019940948628	-114	1.69170958916032
SOX5	SOX5	0.0327850263529261	0.0448700940389167	0.04385440367339	0.2018584673433	1531	0.205761731374015	1507	0.219796389769904	1515	3.31250248200551
SOX6	SOX6	0.0135860819749646	0.0500542792913202	0.0340884402493414	0.57693923381322	-273	0.206850683907825	1582	0.20753059683035	1546	2.89010083306886
SOX8	SOX8	0.0168217551809898	0.0073142208622662	0.0125203926372503	0.861774361189163	-75	0.854075205022157	-1	0.811594608782021	-1	1.37346782601033
SOX9	SOX9	0.0151990462082743	0.00460585875204549	0.00844448302234845	0.662814048083008	194	0.796932766646263	221	0.1532936092765	1613	2.14338023257747
SP1	SP1	0.00177818499953542	0.00189651315180177	0.00117088163557019	0.750308586714084	0	0.740701504653366	0	0.905071485471598	10	2.98376271238444
SP4_PML	SP4	0.00317604815773296	0.00306397866679143	0.00216395792449554	0.365347862839271	25	0.140803661785732	-1525	0.746108545813468	36	4.11941018686946
SP4_PML	PML	0.00317604815773296	0.00306397866679143	0.00216395792449554	0.214015091379248	1483	0.783025206603561	0	0.714833410287982	38	4.11941018686946
SPI1	SPI1	0.0355008861463929	0.0236314691457398	0.0165499318785568	0.0910170861200344	-87	0.192299474285986	-234	0.160682357111415	-75	2.82459233349394
SREBF1_TFE3	SREBF1	0.0030821939528018	0.00397591581029661	0.00346371729734566	NaN	NaN	NaN	NaN	NaN	NaN	2.55733233291909
SREBF1_TFE3	TFE3	0.0030821939528018	0.00397591581029661	0.00346371729734566	0.658977565296016	54	0.119430394483671	-646	0.243651420779112	-2	2.55733233291909
SREBF2	SREBF2	0.0244356371611782	0.0347547134712548	0.0251243948847694	0.127134012353722	-1562	0.940060121971142	75	0.749194744285826	103	2.05542373209382
SRF	SRF	0.00953816283369966	0.0130445005045469	0.0115730052225354	0.457975749032029	-127	0.543754193262072	-1	0.27076079241348	-1	1.89127894483048
SRY	SRY	0.0107936010904281	0.0158211349779251	0.0110895515089962	0.208203135270052	1512	0.192057892115842	1534	0.833710007881393	43	1.39526735714905
STAT1_STAT3_BCL6	STAT1	0.0083336588041539	0.00184419291852733	0.00252766992940811	0.12084434023007	1873	0.241571640162056	-241	0.529690332065883	-164	2.30787489933094
STAT1_STAT3_BCL6	STAT3	0.0083336588041539	0.00184419291852733	0.00252766992940811	0.795210383795584	0	0.285213921180073	-228	0.745561333224248	-24	2.30787489933094
STAT1_STAT3_BCL6	BCL6	0.0083336588041539	0.00184419291852733	0.00252766992940811	0.272588221317095	-230	0.219194484798047	345	0.123487919270863	1661	2.30787489933094
STAT4	STAT4	0.0352071441071145	0.00801418273364427	0.0075555034946637	0.320956182105188	179	0.442976859703568	195	0.0791023263339375	1624	2.24296099593462
STAT5A	STAT5A	0.00839637952391658	0.00805018429318546	0.013129927196106	0.356140534526913	4	0.281066022031655	4	0.557015083269953	3	1.6489460945195
STAT5B	STAT5B	0.00597929584034558	0.00470036899364196	0.00847488634170391	0.121835278844712	126	0.695570612975075	75	0.197393220313983	-1589	1.90881501947582
STAT6	STAT6	0.0113848141014998	0.00958699960081193	0.00775325930677388	0.705506972683166	138	0.170974138597003	-292	0.391005664585678	195	1.74997810073916
T	T	0.0121383633160109	0.00438657543868559	0.00978182172051598	0.073452491921035	-999	0.219202196302966	-313	0.100475966558409	-1462	1.64589905912685
TBP	TBP	0.0021139887828609	0.00262906374991443	0.000620396952756876	0.731527056545547	-1	0.765221841235015	-1	0.134170905837884	-1804	1.36427662508378
TBX19	TBX19	0.0562754295895125	0.0258394126827123	0.011952244591846	0.0229041521485326	1517	0.0306031353345262	1952	0.0308167149733724	1960	2.3878870767147
TBX2	TBX2	0.0537287118495428	0.0417563131862698	0.0156553959924511	0.328782053095381	-135	0.222847809588571	-1576	0.508354441235213	-93	1.73371571484755
TBX3	TBX3	0.00558018383461179	0.0020611715498185	0.00154594870405028	0.846438220696581	24	0.207966239033871	-1593	0.846774238550105	61	1.40346351359976
TCF12_ASCL2	TCF12	0.0111001925011824	0.00315697816679149	0.00563095883056077	0.632045418500626	3	0.325422817809422	240	0.190023652648764	-1659	1.55546924805829
TCF12_ASCL2	ASCL2	0.0111001925011824	0.00315697816679149	0.00563095883056077	0.215561777349996	-320	0.208257524254604	-108	0.90301057386686	17	1.55546924805829
TCF3_MYOG	TCF3	0.00383339000569655	0.00946891801195298	0.00498102404460131	0.929545616306381	8	0.927012951435189	4	0.939022393205156	15	1.7779448638012
TCF3_MYOG	MYOG	0.00383339000569655	0.00946891801195298	0.00498102404460131	NaN	NaN	NaN	NaN	NaN	NaN	1.7779448638012
TCF7	TCF7	0.00296245947568786	0.0161697300363553	0.00785186456737308	0.11639446114377	341	0.0503417568518211	1671	0.0481578603894083	1575	2.5047200789898
TCF7L1	TCF7L1	0.0103962056074818	0.0106191295937027	0.00270639889054117	0.88165523504538	65	0.901691697036048	59	0.854676630655656	76	1.83410808940077
TCF7L2	TCF7L2	0.0140730776925882	0.00546992299562961	0.00767897927927698	0.885086424396961	121	0.489022785611358	-305	0.136452605674015	1622	1.70832113908698
TEAD3_TEAD1	TEAD3	0.0170047560326708	0.00907081760621608	0.0134930285807619	0.973740602520055	-1	0.233766620644033	-1	0.916051038726445	-1	2.67760046279817
TEAD3_TEAD1	TEAD1	0.0170047560326708	0.00907081760621608	0.0134930285807619	0.168855696201794	-1549	0.196250062477636	-370	0.151824021715602	1637	2.67760046279817
TFAP2C	TFAP2C	0.000582450454255597	0.000849334214136432	0.000589011991210295	0.153985664287741	1416	0.15382460500543	1487	0.200413194323988	-1497	1.55130605749618
TFAP4_MSC	TFAP4	0.00924845388695802	0.0161314883060338	0.0203720921230427	NaN	NaN	NaN	NaN	NaN	NaN	1.81317485026373
TFAP4_MSC	MSC	0.00924845388695802	0.0161314883060338	0.0203720921230427	0.204690956817894	-1736	0.749870478664546	-96	0.195772454076268	-1407	1.81317485026373
TFCP2	TFCP2	0.010585085660093	0.0131112607539319	0.00770311842390384	0.917062364323061	-1	0.234829138023595	-1457	0.493697627029761	-185	1.72164016967847
TFCP2L1	TFCP2L1	0.0124516635288639	0.00765243863596566	0.0239802126988905	0.125819180304105	1557	0.414299130676977	186	0.17752694637753	1600	1.34658115526492
TFDP1	TFDP1	0.0181282425772769	0.0203429175041085	0.018266396537848	0.179059781496335	-1552	0.266852895695123	-293	0.221907912829389	-1582	2.27502016383398
TFEC_MITF_ARNTL_BHLHE41	TFEC	0.0212714306678242	0.0186003031983828	0.00760005733781578	NaN	NaN	NaN	NaN	NaN	NaN	2.76516355293181
TFEC_MITF_ARNTL_BHLHE41	MITF	0.0212714306678242	0.0186003031983828	0.00760005733781578	0.851197357527345	0	0.229259636318291	-1465	0.233903888956288	-1487	2.76516355293181
TFEC_MITF_ARNTL_BHLHE41	ARNTL	0.0212714306678242	0.0186003031983828	0.00760005733781578	0.67215216605953	-41	0.739139933530492	0	0.177015948427512	-1606	2.76516355293181
TFEC_MITF_ARNTL_BHLHE41	BHLHE41	0.0212714306678242	0.0186003031983828	0.00760005733781578	0.0510776701905746	-19	0.0847958639315644	-1486	0.133801328605691	-1557	2.76516355293181
TGIF1	TGIF1	0.00383820168584456	0.0232244375525678	0.0140636483022692	0.831934193381358	48	0.214524456451516	1512	0.20487044136667	-1520	1.92465542713876
THRB	THRB	0.0168835363718514	0.0257793320268814	0.0242144496391699	0.852069151749791	-138	0.887283029023449	-119	0.173012711311615	-1443	2.04725889743712
TLX1_NFIC	TLX1	0.023898487365366	0.00615164784036842	0.0058304009960737	NaN	NaN	NaN	NaN	NaN	NaN	2.06004613480655
TLX1_NFIC	NFIC	0.023898487365366	0.00615164784036842	0.0058304009960737	0.277130251859292	-1301	0.27307985683752	-107	0.126495529748729	395	2.06004613480655
TP73	TP73	0.0072119942563006	0.0176627150810021	0.00858698073017166	0.769201957083391	15	0.195000308067122	1498	0.843134566706468	23	1.85086785774697
TWIST1_SNAI1	TWIST1	0.002743558344207	0.0159230639625989	0.0112101377525972	NaN	NaN	NaN	NaN	NaN	NaN	1.22280263992611
TWIST1_SNAI1	SNAI1	0.002743558344207	0.0159230639625989	0.0112101377525972	0.656113413154109	-213	0.764433143116788	-148	0.875581698430597	-124	1.22280263992611
WT1_MTF1_ZBTB7B	WT1	0.00342790147379371	0.00454514437054044	0.00214478953952584	NaN	NaN	NaN	NaN	NaN	NaN	1.73602177173704
WT1_MTF1_ZBTB7B	MTF1	0.00342790147379371	0.00454514437054044	0.00214478953952584	0.756442630925905	-144	0.388136907696906	-199	0.595929439788795	-197	1.73602177173704
WT1_MTF1_ZBTB7B	ZBTB7B	0.00342790147379371	0.00454514437054044	0.00214478953952584	0.149555083549326	-83	0.474460943296228	-51	0.182067713940297	-686	1.73602177173704
XBP1	XBP1	0.0362957270378099	0.0440756286586685	0.0195076579308338	0.273839792510742	159	0.929547434942043	1	0.131025012314428	-1356	1.96657603509686
YBX1_FOS_NFYC_NFYA_NFYB_CEBPZ	YBX1	0.00151233532716053	0.00186690975654299	0.000850258150412022	NaN	NaN	NaN	NaN	NaN	NaN	2.95369457785896
YBX1_FOS_NFYC_NFYA_NFYB_CEBPZ	FOS	0.00151233532716053	0.00186690975654299	0.000850258150412022	0.167335737059416	1436	0.113321069618737	1843	0.401137038048098	-41	2.95369457785896
YBX1_FOS_NFYC_NFYA_NFYB_CEBPZ	NFYC	0.00151233532716053	0.00186690975654299	0.000850258150412022	NaN	NaN	NaN	NaN	NaN	NaN	2.95369457785896
YBX1_FOS_NFYC_NFYA_NFYB_CEBPZ	NFYA	0.00151233532716053	0.00186690975654299	0.000850258150412022	0.578229445399117	-1	0.194636061116545	1495	0.145671714164213	-1085	2.95369457785896
YBX1_FOS_NFYC_NFYA_NFYB_CEBPZ	NFYB	0.00151233532716053	0.00186690975654299	0.000850258150412022	0.579975813564245	-1	0.157254634217543	-1671	0.145121763571159	-1293	2.95369457785896
YBX1_FOS_NFYC_NFYA_NFYB_CEBPZ	CEBPZ	0.00151233532716053	0.00186690975654299	0.000850258150412022	NaN	NaN	NaN	NaN	NaN	NaN	2.95369457785896
ZBED1	ZBED1	0.0107353957025201	0.0351282807042616	0.0336000334573034	0.338904197723192	-170	0.2941642076793	-141	0.750593748944801	-143	1.89165571092816
ZBTB14	ZBTB14	0.0123503221091843	0.0217193952211672	0.0182601044506044	0.281249126841214	-38	0.598095715448225	-32	0.944003173964524	-30	3.65523166890572
ZBTB18	ZBTB18	0.0184899401391028	0.019858565554916	0.00971067118245525	0.262907860753073	-112	0.223160440826504	-1545	0.140781222805618	-372	2.1595686273578
ZBTB3	ZBTB3	0.0173991165800198	0.00552330204604161	0.00499573455213186	0.775548087274554	-1	0.749411961693389	9	0.818738204007057	60	2.08372733261292
ZBTB33_CHD2	ZBTB33	0.0350825412875262	0.0311466077178034	0.00644343547923752	0.181848678873389	-1174	0.555814438243059	-1	0.739800539153548	-1	2.3510465794336
ZBTB33_CHD2	CHD2	0.0350825412875262	0.0311466077178034	0.00644343547923752	NaN	NaN	NaN	NaN	NaN	NaN	2.3510465794336
ZBTB4	ZBTB4	0.0108034735845063	0.0235251752366909	0.0115240957990168	0.69501689060713	-34	0.809744496076925	0	0.42865157648449	-282	1.70299762951712
ZBTB49	ZBTB49	0.00818765065449794	0.00735451626945929	0.0251989999067215	0.0558874171304576	-1462	0.303473273770598	0	0.0650311509665033	-1513	1.58040768265632
ZBTB6	ZBTB6	0.00553925871075177	0.00395411979147911	0.00207703807423133	0.557373188248715	-38	0.512710046239466	1	0.232284522213782	-130	1.9314969820344
ZBTB7A_ZBTB7C	ZBTB7A	0.0116192550516437	0.0190219967073755	0.0126866367442591	NaN	NaN	NaN	NaN	NaN	NaN	1.63833183137439
ZBTB7A_ZBTB7C	ZBTB7C	0.0116192550516437	0.0190219967073755	0.0126866367442591	0.180396125753577	-1515	0.195080210667782	1442	0.213961036475248	-1442	1.63833183137439
ZEB1	ZEB1	0.00225373337066051	0.00171870518356967	0.00204170979084136	0.449223616418243	0	0.603223742353336	0	0.155501695513815	1634	1.69052103910162
ZFHX3	ZFHX3	0.0760312656057872	0.0226980563682107	0.0330105260099081	0.197731275130323	147	0.859829688978616	-5	0.932612090988616	-4	2.284130521116
ZFX	ZFX	0.0029385295974522	0.00519293678690995	0.00568116101437051	0.892272847914392	22	0.349709154074613	-62	0.79434081161143	-51	2.85240742819045
ZIC3_ZIC4	ZIC3	0.0200689743068919	0.0367973090485268	0.0220131667091788	0.0451803735271366	1595	0.0809036040030105	-1500	0.132857173630231	-1530	1.91469896797171
ZIC3_ZIC4	ZIC4	0.0200689743068919	0.0367973090485268	0.0220131667091788	NaN	NaN	NaN	NaN	NaN	NaN	1.91469896797171
ZKSCAN3	ZKSCAN3	0.0866428090533582	0.0427627314024712	0.00366054902937863	0.20357759180786	-1550	0.268314899037151	-259	0.828561979622623	66	1.97103986038904
ZNF143	ZNF143	0.0143327169719795	0.00520584546438082	0.00132953853152706	0.198369969489421	-1303	0.108572708945674	-1186	0.131577788664467	-1787	2.64905224209029
ZNF232	ZNF232	0.0110721998919692	0.012195433550166	0.023236496822025	0.184722698918805	278	0.426244479291383	-104	0.885257334849001	0	2.0468931393733
ZNF274	ZNF274	0.0789990733351557	0.0738988831210191	0.03888978268253	0.179160296640961	-219	0.781310184479174	-98	0.722224689655817	-163	2.37808361220573
ZNF282	ZNF282	0.00589530647949008	0.00725719190313199	0.0110946216840483	0.206354208126231	-1450	0.74065264513836	176	0.193390071067768	-328	1.67902606774227
ZNF333	ZNF333	0.0184870576681205	0.0381589992944356	0.0231442018878301	0.749292139508197	-97	0.674570054514006	-67	0.884678269001066	-1	2.20152336413196
ZNF35	ZNF35	0.0142854545278095	0.00651270977741109	0.0158596790711289	0.272303897965295	25	0.169285845659804	-1328	0.221286229433465	1489	1.53279764528377
ZNF350	ZNF350	0.0224612543472739	0.0171458984345621	0.0272043419554148	0.119236615150602	-1729	0.175394266256564	-1490	0.159946481893803	-1584	2.31003289224669
ZNF384	ZNF384	0.0063202067093087	0.0043297816839819	0.00354236051593578	0.695099031507647	-1	0.534870542904503	-1	0.850918582307798	-1	2.38598900941042
ZNF410	ZNF410	0.0341662060384548	0.0522469676479921	0.0739126078944839	0.0457108759679747	-1637	0.053458659109002	-592	0.0766645516440073	-91	1.65814770711623
ZNF652	ZNF652	0.0335904199564379	0.0135756371632092	0.00963661403658115	0.246842306767362	-222	0.221600523117029	-1441	0.22070756353655	-1568	2.77551534854296
ZNF691	ZNF691	0.0280800713842425	0.00182517690612323	0.00273710023983729	0.199184865621124	-1503	0.558633321464319	188	0.863844267988734	5	1.90416131507445
ZNF711_TFAP2A_TFAP2D	ZNF711	0.0015460215422483	0.00138162985421868	0.000632989501569642	0.252753983417233	-1348	0.163055447345402	-353	0.906053796966952	32	1.95935806230644
ZNF711_TFAP2A_TFAP2D	TFAP2A	0.0015460215422483	0.00138162985421868	0.000632989501569642	0.421976135729481	-15	0.133612662033797	-443	0.732507891244804	42	1.95935806230644
ZNF711_TFAP2A_TFAP2D	TFAP2D	0.0015460215422483	0.00138162985421868	0.000632989501569642	NaN	NaN	NaN	NaN	NaN	NaN	1.95935806230644
ZNF740_ZNF219	ZNF740	0.0114074121679029	0.017717851250809	0.00911293394824196	0.631683511892173	-1	0.106024229533886	-1231	0.120286906588968	-1553	1.31987438402939
ZNF740_ZNF219	ZNF219	0.0114074121679029	0.017717851250809	0.00911293394824196	NaN	NaN	NaN	NaN	NaN	NaN	1.31987438402939
ZNF8	ZNF8	0.0133601409980777	0.0255411615473663	0.0152650656057472	0.218790271639076	291	0.143806638193148	-1629	0.708443014412863	48	1.91232136194092
